      1      0 100000          61.8 1 1
      1   0.64      0 3034.3   61.8 0 0
      1   1.99      0   2642   61.8 0 0
      1   6.43      0 3227.5   61.8 0 0
      1  12.03      0 4064.7   61.8 0 0
      1  22.28      0 3789.6   61.8 0 0
      1  48.91      0 3537.5   61.8 0 0
      1  80.15      0 996.28   61.8 0 0
      2      0 100000          72.6 1 1
      2   0.58      0    396   72.6 0 0
      2   2.03      0 7686.4   72.6 0 0
      2   7.46      0 2151.8   72.6 0 0
      2  12.58      0 2173.4   72.6 0 0
      2  22.36      0 2595.9   72.6 0 0
      2  51.02      0 1477.7   72.6 0 0
      2  87.44      0 685.79   72.6 0 0
      3      0 100000          59.2 1 1
      3   0.44      0 1842.8   59.2 0 0
      3   2.06      0 5557.8   59.2 0 0
      3   5.74      0 2731.3   59.2 0 0
      3     12      0 4221.2   59.2 0 0
      3  24.18      0   1638   59.2 0 0
      3  45.25      0 4808.6   59.2 0 0
      3  90.69      0 4718.4   59.2 0 0
      4      0 100000          96.3 1 1
      4   0.49      0   1133   96.3 0 0
      4   2.25      0 4881.9   96.3 0 0
      4   5.15      0  12457   96.3 0 0
      4  12.73      0 6347.1   96.3 0 0
      4  24.81      0 4334.5   96.3 0 0
      4  53.38      0 1634.3   96.3 0 0
      4  93.12      0 1443.9   96.3 0 0
      5      0 100000          74.8 1 1
      5   0.52      0 1762.7   74.8 0 0
      5   2.05      0 6956.1   74.8 0 0
      5   5.68      0 4581.2   74.8 0 0
      5  13.54      0 4829.5   74.8 0 0
      5  26.95      0 2837.9   74.8 0 0
      5  51.48      0 3728.9   74.8 0 0
      5 112.51      0 3825.3   74.8 0 0
      6      0 100000          59.4 1 1
      6   0.53      0 1979.5   59.4 0 0
      6   1.76      0 3084.5   59.4 0 0
      6   5.67      0 1764.2   59.4 0 0
      6  10.62      0 5960.3   59.4 0 0
      6  22.89      0 2104.8   59.4 0 0
      6  45.11      0 4282.5   59.4 0 0
      6  96.41      0 1317.6   59.4 0 0
      7      0 100000          77.2 1 1
      7   0.46      0 2004.1   77.2 0 0
      7   2.03      0   2580   77.2 0 0
      7   5.62      0 1630.2   77.2 0 0
      7  14.32      0   1744   77.2 0 0
      7  25.78      0 1767.4   77.2 0 0
      7  52.57      0   1198   77.2 0 0
      7  99.76      0 322.85   77.2 0 0
      8      0 100000          81.1 1 1
      8   0.59      0 578.21   81.1 0 0
      8   1.88      0 830.45   81.1 0 0
      8   5.73      0 1975.6   81.1 0 0
      8  13.85      0 1784.6   81.1 0 0
      8  22.49      0 3368.6   81.1 0 0
      8  47.01      0 2409.6   81.1 0 0
      8   92.3      0 1176.7   81.1 0 0
      9      0 100000          78.5 1 1
      9   0.48      0 2470.6   78.5 0 0
      9   1.94      0 6157.1   78.5 0 0
      9    6.3      0 3381.8   78.5 0 0
      9  11.79      0 2094.3   78.5 0 0
      9  22.82      0 2199.9   78.5 0 0
      9   54.9      0 757.51   78.5 0 0
      9  93.96      0 1480.5   78.5 0 0
     10      0 100000          65.9 1 1
     10   0.49      0 3227.1   65.9 0 0
     10   1.98      0 4114.8   65.9 0 0
     10   6.44      0 4274.5   65.9 0 0
     10  11.91      0 3215.7   65.9 0 0
     10  23.91      0 1965.2   65.9 0 0
     10  44.84      0 8217.3   65.9 0 0
     10  92.94      0   1979   65.9 0 0
     11      0 100000          94.7 1 1
     11    0.5      0 1318.5   94.7 0 0
     11   1.89      0 1930.4   94.7 0 0
     11   6.33      0 2071.5   94.7 0 0
     11  10.31      0 2459.6   94.7 0 0
     11  24.75      0 2928.5   94.7 0 0
     11  41.16      0 907.57   94.7 0 0
     11  93.15      0 2051.5   94.7 0 0
     12      0 100000          75.7 1 1
     12   0.47      0 686.16   75.7 0 0
     12   1.87      0 3961.2   75.7 0 0
     12   5.97      0 7506.4   75.7 0 0
     12   9.91      0 3810.4   75.7 0 0
     12     27      0 7316.1   75.7 0 0
     12  40.64      0 2303.1   75.7 0 0
     12  91.65      0 2129.8   75.7 0 0
     13      0 100000          61.8 1 1
     13   0.45      0 1432.4   61.8 0 0
     13   1.86      0 2895.8   61.8 0 0
     13   7.39      0 4790.9   61.8 0 0
     13  12.02      0 6688.7   61.8 0 0
     13   21.1      0 2038.6   61.8 0 0
     13  40.74      0 1028.5   61.8 0 0
     13 100.42      0 729.99   61.8 0 0
     14      0 100000            45 1 1
     14    0.5      0   1952     45 0 0
     14   1.94      0 2476.9     45 0 0
     14   5.47      0 3187.8     45 0 0
     14  10.34      0 6087.4     45 0 0
     14  21.55      0 1852.9     45 0 0
     14  53.05      0 6122.1     45 0 0
     14  90.22      0 1406.2     45 0 0
     15      0 100000          87.7 1 1
     15   0.44      0 1318.1   87.7 0 0
     15   2.41      0 4011.5   87.7 0 0
     15   6.26      0 4690.1   87.7 0 0
     15  11.72      0 6359.3   87.7 0 0
     15  26.68      0 4357.3   87.7 0 0
     15  52.45      0   1818   87.7 0 0
     15  90.24      0 1377.3   87.7 0 0
     16      0 100000          69.4 1 1
     16   0.62      0 1259.6   69.4 0 0
     16   1.95      0 2682.3   69.4 0 0
     16    5.2      0 3151.6   69.4 0 0
     16  11.83      0 2693.2   69.4 0 0
     16   24.5      0 3633.7   69.4 0 0
     16  60.46      0 3425.7   69.4 0 0
     16  97.02      0 2480.6   69.4 0 0
     17      0 100000          69.8 1 1
     17   0.52      0 3169.3   69.8 0 0
     17   1.98      0 2390.1   69.8 0 0
     17    5.8      0 3401.5   69.8 0 0
     17  11.96      0 2400.6   69.8 0 0
     17  25.97      0 5751.8   69.8 0 0
     17  59.07      0 887.08   69.8 0 0
     17 106.39      0 38.384   69.8 0 0
     18      0 100000          84.5 1 1
     18   0.56      0 3523.6   84.5 0 0
     18   1.77      0   2910   84.5 0 0
     18   6.62      0   2189   84.5 0 0
     18  12.27      0 3174.6   84.5 0 0
     18  20.72      0 2386.4   84.5 0 0
     18  50.57      0 662.77   84.5 0 0
     18  94.49      0 1194.6   84.5 0 0
     19      0 100000          82.5 1 1
     19   0.58      0 921.66   82.5 0 0
     19   1.85      0 2975.5   82.5 0 0
     19   5.75      0   3514   82.5 0 0
     19  10.94      0 6545.3   82.5 0 0
     19  23.58      0  10733   82.5 0 0
     19  49.97      0 782.38   82.5 0 0
     19  89.23      0 1455.9   82.5 0 0
     20      0 100000          78.8 1 1
     20   0.54      0 3089.8   78.8 0 0
     20   1.77      0 3129.4   78.8 0 0
     20    5.4      0 3930.8   78.8 0 0
     20  13.86      0 5302.3   78.8 0 0
     20  21.68      0 2800.7   78.8 0 0
     20  50.02      0 1756.6   78.8 0 0
     20  92.41      0 247.43   78.8 0 0
     21      0 100000          84.1 1 1
     21   0.52      0 3109.4   84.1 0 0
     21   2.37      0   1798   84.1 0 0
     21   7.03      0 1067.8   84.1 0 0
     21  11.61      0 2723.6   84.1 0 0
     21   19.1      0 8273.5   84.1 0 0
     21  61.62      0 1304.6   84.1 0 0
     21 102.62      0   3932   84.1 0 0
     22      0 100000          81.9 1 1
     22   0.53      0 3887.9   81.9 0 0
     22      2      0 5093.5   81.9 0 0
     22   6.31      0 2841.5   81.9 0 0
     22   11.8      0 6429.5   81.9 0 0
     22  25.03      0 4670.5   81.9 0 0
     22  46.12      0 2291.1   81.9 0 0
     22  83.71      0 1734.8   81.9 0 0
     23      0 100000          71.1 1 1
     23   0.55      0 1560.3   71.1 0 0
     23   2.33      0 8273.9   71.1 0 0
     23   5.82      0 2002.2   71.1 0 0
     23  10.59      0 3266.4   71.1 0 0
     23  25.59      0 4814.3   71.1 0 0
     23  47.79      0 5078.2   71.1 0 0
     23  80.72      0 1214.4   71.1 0 0
     24      0 100000            47 1 1
     24    0.5      0   3247     47 0 0
     24   1.88      0 3400.5     47 0 0
     24    5.8      0   4279     47 0 0
     24  10.69      0   5553     47 0 0
     24  28.74      0 1432.6     47 0 0
     24  46.44      0 1022.9     47 0 0
     24  81.76      0 345.22     47 0 0
     25      0 100000          79.2 1 1
     25   0.51      0 2661.8   79.2 0 0
     25   2.05      0 2299.3   79.2 0 0
     25   5.44      0 2447.8   79.2 0 0
     25   8.99      0 3293.3   79.2 0 0
     25  22.51      0 3603.3   79.2 0 0
     25  50.82      0 5495.9   79.2 0 0
     25  95.43      0 969.77   79.2 0 0
     26      0 100000          69.2 1 1
     26    0.5      0 4256.5   69.2 0 0
     26   2.12      0 1955.8   69.2 0 0
     26   5.33      0 4007.4   69.2 0 0
     26  13.39      0 4540.6   69.2 0 0
     26  23.99      0 4485.5   69.2 0 0
     26  51.52      0 3520.9   69.2 0 0
     26 106.46      0 4996.2   69.2 0 0
     27      0 100000          67.9 1 1
     27   0.51      0 2151.5   67.9 0 0
     27   1.83      0 4510.1   67.9 0 0
     27   6.74      0 5087.2   67.9 0 0
     27   9.82      0   7077   67.9 0 0
     27  22.73      0 3582.8   67.9 0 0
     27  46.79      0 3809.3   67.9 0 0
     27  94.42      0 1778.1   67.9 0 0
     28      0 100000          52.2 1 1
     28   0.55      0 1604.7   52.2 0 0
     28   2.03      0   2015   52.2 0 0
     28   6.25      0 1697.8   52.2 0 0
     28  11.92      0 1742.5   52.2 0 0
     28  23.41      0 2178.1   52.2 0 0
     28  51.46      0 1190.8   52.2 0 0
     28 107.66      0 615.32   52.2 0 0
     29      0 100000          63.6 1 1
     29   0.39      0 1901.4   63.6 0 0
     29   2.12      0 4890.7   63.6 0 0
     29   6.23      0  18818   63.6 0 0
     29   11.5      0 2059.7   63.6 0 0
     29  26.39      0 2226.7   63.6 0 0
     29  46.17      0 2391.6   63.6 0 0
     29  93.31      0 1134.6   63.6 0 0
     30      0 100000          76.1 1 1
     30   0.54      0 2709.1   76.1 0 0
     30   2.38      0 1903.3   76.1 0 0
     30   6.16      0 4446.6   76.1 0 0
     30   11.5      0  10561   76.1 0 0
     30  21.31      0 6760.5   76.1 0 0
     30  46.44      0 2418.9   76.1 0 0
     30  87.39      0 1351.5   76.1 0 0
     31      0 100000          91.9 1 1
     31   0.49      0 3101.3   91.9 0 0
     31   2.08      0 2756.8   91.9 0 0
     31   5.51      0 2704.5   91.9 0 0
     31  15.64      0   3876   91.9 0 0
     31  24.38      0 8297.3   91.9 0 0
     31  53.74      0 2354.7   91.9 0 0
     31  76.36      0 1241.7   91.9 0 0
     32      0 100000          68.6 1 1
     32   0.54      0 3624.1   68.6 0 0
     32   1.75      0 2561.7   68.6 0 0
     32   6.58      0   5694   68.6 0 0
     32  12.49      0 3014.1   68.6 0 0
     32  23.04      0 1609.6   68.6 0 0
     32   54.8      0   1023   68.6 0 0
     32   89.5      0 1271.2   68.6 0 0
     33      0 100000          75.6 1 1
     33   0.47      0 2827.6   75.6 0 0
     33   1.81      0 3594.4   75.6 0 0
     33   5.61      0 6678.2   75.6 0 0
     33  13.19      0 5358.7   75.6 0 0
     33  25.06      0 5347.6   75.6 0 0
     33  53.08      0 707.11   75.6 0 0
     33  92.33      0 51.391   75.6 0 0
     34      0 100000          69.3 1 1
     34   0.52      0 865.97   69.3 0 0
     34   2.05      0 4671.8   69.3 0 0
     34    5.2      0   3980   69.3 0 0
     34  14.34      0 2358.3   69.3 0 0
     34  24.32      0 2713.3   69.3 0 0
     34  51.82      0 2712.6   69.3 0 0
     34 105.62      0 3141.2   69.3 0 0
     35      0 100000          53.1 1 1
     35    0.5      0 4681.7   53.1 0 0
     35   1.94      0 7436.3   53.1 0 0
     35   6.56      0 4383.3   53.1 0 0
     35  10.81      0 5228.4   53.1 0 0
     35  29.23      0 2145.1   53.1 0 0
     35  46.19      0 3550.8   53.1 0 0
     35 113.27      0 1105.6   53.1 0 0
     36      0 100000          64.4 1 1
     36   0.58      0 1813.7   64.4 0 0
     36   2.02      0 6422.8   64.4 0 0
     36   6.35      0 4103.1   64.4 0 0
     36  10.83      0 3871.3   64.4 0 0
     36  24.79      0 4250.3   64.4 0 0
     36  53.28      0 2220.2   64.4 0 0
     36  96.96      0 1338.4   64.4 0 0
     37      0 100000          64.7 1 1
     37   0.48      0 2453.8   64.7 0 0
     37   1.87      0 3317.6   64.7 0 0
     37   5.98      0 2395.5   64.7 0 0
     37  13.35      0 7232.4   64.7 0 0
     37  22.87      0   7707   64.7 0 0
     37  47.42      0 6701.4   64.7 0 0
     37  84.35      0 1048.3   64.7 0 0
     38      0 100000          69.2 1 1
     38   0.53      0 1679.1   69.2 0 0
     38   2.28      0 1801.6   69.2 0 0
     38   6.97      0 2797.9   69.2 0 0
     38  13.02      0 5365.2   69.2 0 0
     38  19.91      0 2286.8   69.2 0 0
     38  50.37      0 1487.6   69.2 0 0
     38 100.48      0 703.47   69.2 0 0
     39      0 100000          87.2 1 1
     39   0.48      0 3487.9   87.2 0 0
     39   2.03      0   1606   87.2 0 0
     39    5.5      0   3903   87.2 0 0
     39  12.84      0 2971.8   87.2 0 0
     39  23.23      0 4286.5   87.2 0 0
     39  41.03      0 813.88   87.2 0 0
     39  92.54      0 589.18   87.2 0 0
     40      0 100000          81.5 1 1
     40   0.57      0 4287.5   81.5 0 0
     40   1.93      0 7089.7   81.5 0 0
     40   6.46      0 5148.3   81.5 0 0
     40  13.19      0 4198.5   81.5 0 0
     40  24.01      0 3199.5   81.5 0 0
     40  46.34      0 1756.3   81.5 0 0
     40  91.05      0 543.88   81.5 0 0
     41      0 100000          67.7 1 1
     41   0.54      0 4201.4   67.7 0 0
     41    1.8      0 2221.6   67.7 0 0
     41   6.15      0   1934   67.7 0 0
     41  11.66      0 3138.3   67.7 0 0
     41  19.14      0 2597.9   67.7 0 0
     41  41.69      0 2108.5   67.7 0 0
     41 105.21      0 123.96   67.7 0 0
     42      0 100000          66.5 1 1
     42   0.49      0 1035.8   66.5 0 0
     42   2.17      0 1633.3   66.5 0 0
     42   7.25      0 4264.3   66.5 0 0
     42  13.91      0 4567.1   66.5 0 0
     42  25.68      0 3435.6   66.5 0 0
     42  49.86      0 2381.1   66.5 0 0
     42  94.17      0 953.91   66.5 0 0
     43      0 100000          80.5 1 1
     43   0.59      0 3093.5   80.5 0 0
     43   2.12      0 6368.4   80.5 0 0
     43   5.34      0 8459.3   80.5 0 0
     43  11.81      0 4146.7   80.5 0 0
     43  19.81      0 2104.5   80.5 0 0
     43  47.07      0 2228.4   80.5 0 0
     43  74.08      0 798.05   80.5 0 0
     44      0 100000          78.2 1 1
     44   0.57      0 4906.2   78.2 0 0
     44   1.88      0 9484.1   78.2 0 0
     44   5.75      0 5939.2   78.2 0 0
     44   11.8      0  10596   78.2 0 0
     44  25.52      0 1656.4   78.2 0 0
     44  51.37      0 3325.6   78.2 0 0
     44 101.61      0 832.38   78.2 0 0
     45      0 100000            61 1 1
     45   0.47      0 1372.4     61 0 0
     45   1.75      0 5166.1     61 0 0
     45   5.77      0 6966.3     61 0 0
     45  12.34      0 6062.3     61 0 0
     45   22.1      0 2150.2     61 0 0
     45  47.67      0 4305.6     61 0 0
     45  85.42      0 2053.3     61 0 0
     46      0 100000          60.8 1 1
     46    0.5      0 1697.1   60.8 0 0
     46   2.03      0 6380.9   60.8 0 0
     46   5.91      0 3814.6   60.8 0 0
     46   11.8      0 5153.5   60.8 0 0
     46  28.63      0 1792.4   60.8 0 0
     46   51.8      0 1002.7   60.8 0 0
     46 107.29      0  454.7   60.8 0 0
     47      0 100000          75.3 1 1
     47   0.46      0 1291.6   75.3 0 0
     47   2.03      0 5625.8   75.3 0 0
     47   6.73      0 5135.5   75.3 0 0
     47  11.93      0 3624.3   75.3 0 0
     47   19.4      0 7106.2   75.3 0 0
     47  49.68      0 2215.8   75.3 0 0
     47  79.35      0 806.72   75.3 0 0
     48      0 100000          81.6 1 1
     48   0.46      0 3922.3   81.6 0 0
     48   2.28      0 3942.3   81.6 0 0
     48   6.38      0 5885.7   81.6 0 0
     48  13.38      0 5789.5   81.6 0 0
     48  24.75      0 3373.4   81.6 0 0
     48  47.47      0   1854   81.6 0 0
     48  87.52      0 1253.2   81.6 0 0
     49      0 100000          68.4 1 1
     49   0.59      0   4285   68.4 0 0
     49   2.01      0 2443.1   68.4 0 0
     49   5.59      0 5454.5   68.4 0 0
     49  13.08      0 9118.2   68.4 0 0
     49  26.72      0   2042   68.4 0 0
     49  58.02      0 4512.8   68.4 0 0
     49  90.38      0 2637.4   68.4 0 0
     50      0 100000          83.5 1 1
     50   0.48      0 2948.7   83.5 0 0
     50   1.92      0 1932.2   83.5 0 0
     50   5.78      0 5713.6   83.5 0 0
     50  11.57      0  12774   83.5 0 0
     50   23.3      0 4433.7   83.5 0 0
     50  55.44      0   1754   83.5 0 0
     50  89.53      0 890.92   83.5 0 0
     51      0 100000          75.8 1 1
     51   0.48      0 2897.1   75.8 0 0
     51   2.13      0 1682.5   75.8 0 0
     51   6.71      0 3358.4   75.8 0 0
     51  11.11      0 3179.8   75.8 0 0
     51  22.81      0 2351.7   75.8 0 0
     51  50.58      0 2602.9   75.8 0 0
     51 106.28      0 2056.4   75.8 0 0
     52      0 100000          61.9 1 1
     52   0.49      0 1127.8   61.9 0 0
     52   1.73      0 2664.5   61.9 0 0
     52   7.12      0 9215.1   61.9 0 0
     52  13.85      0 1881.4   61.9 0 0
     52  22.35      0 1031.2   61.9 0 0
     52  47.69      0 1644.7   61.9 0 0
     52  80.51      0 2660.8   61.9 0 0
     53      0 100000          74.9 1 1
     53   0.53      0 1267.5   74.9 0 0
     53   2.35      0 2390.1   74.9 0 0
     53   5.09      0 5057.4   74.9 0 0
     53   11.1      0 3862.8   74.9 0 0
     53  22.51      0 1232.1   74.9 0 0
     53  44.84      0 1557.5   74.9 0 0
     53  78.34      0 642.84   74.9 0 0
     54      0 100000          55.8 1 1
     54   0.53      0   2462   55.8 0 0
     54   1.72      0 6692.5   55.8 0 0
     54   5.99      0   2868   55.8 0 0
     54  12.73      0 1719.4   55.8 0 0
     54  23.53      0   2617   55.8 0 0
     54  52.48      0 1028.7   55.8 0 0
     54  95.75      0 501.62   55.8 0 0
     55      0 100000          93.2 1 1
     55   0.47      0 1960.8   93.2 0 0
     55   2.13      0   1933   93.2 0 0
     55   5.75      0 3586.6   93.2 0 0
     55  14.33      0 2049.2   93.2 0 0
     55  23.96      0 1656.5   93.2 0 0
     55  52.27      0 2213.8   93.2 0 0
     55  97.99      0 291.47   93.2 0 0
     56      0 100000           104 1 1
     56   0.37      0 2577.9    104 0 0
     56   1.74      0 3097.1    104 0 0
     56   5.75      0   4446    104 0 0
     56  12.29      0 4143.8    104 0 0
     56  18.99      0 2676.1    104 0 0
     56  52.85      0   2620    104 0 0
     56  90.37      0 1624.3    104 0 0
     57      0 100000            65 1 1
     57   0.46      0 2879.9     65 0 0
     57   1.71      0 3710.1     65 0 0
     57   5.19      0 9655.1     65 0 0
     57  12.07      0  10818     65 0 0
     57  25.25      0 6690.5     65 0 0
     57  38.92      0 3981.8     65 0 0
     57  86.83      0 2130.8     65 0 0
     58      0 100000          56.8 1 1
     58   0.53      0 3169.1   56.8 0 0
     58   1.91      0 6047.1   56.8 0 0
     58   7.45      0 1820.8   56.8 0 0
     58  13.59      0 4383.9   56.8 0 0
     58  25.47      0 2897.5   56.8 0 0
     58  48.02      0 1331.7   56.8 0 0
     58  98.72      0 755.33   56.8 0 0
     59      0 100000          78.4 1 1
     59   0.47      0 3773.9   78.4 0 0
     59   2.13      0 1291.8   78.4 0 0
     59   6.96      0   3018   78.4 0 0
     59  13.37      0 2507.2   78.4 0 0
     59  22.13      0 5497.1   78.4 0 0
     59  40.83      0 4651.5   78.4 0 0
     59  94.95      0 2724.1   78.4 0 0
     60      0 100000          68.1 1 1
     60   0.52      0 876.07   68.1 0 0
     60   2.29      0 2206.7   68.1 0 0
     60   5.26      0 5961.7   68.1 0 0
     60  12.45      0 5848.3   68.1 0 0
     60  24.57      0   3486   68.1 0 0
     60  54.09      0 786.95   68.1 0 0
     60  95.73      0 1162.6   68.1 0 0
