        1        0   100000              61.8 1 1
        1     0.64        0   2654.6     61.8 0 0
        1     1.99        0   5288.4     61.8 0 0
        1     6.43        0   7384.3     61.8 0 0
        1    12.03        0   7249.1     61.8 0 0
        1    22.28        0   8801.7     61.8 0 0
        1    48.91        0   2552.5     61.8 0 0
        1    80.15        0   68.536     61.8 0 0
        2        0   100000              72.6 1 1
        2     0.58        0     5423     72.6 0 0
        2     2.03        0    10457     72.6 0 0
        2     7.46        0    14600     72.6 0 0
        2    12.58        0    12200     72.6 0 0
        2    22.36        0    11261     72.6 0 0
        2    51.02        0   6407.7     72.6 0 0
        2    87.44        0   2633.2     72.6 0 0
        3        0   100000              59.2 1 1
        3     0.44        0   2405.2     59.2 0 0
        3     2.06        0     2193     59.2 0 0
        3     5.74        0   7640.7     59.2 0 0
        3       12        0   9454.3     59.2 0 0
        3    24.18        0   2569.3     59.2 0 0
        3    45.25        0   3768.2     59.2 0 0
        3    90.69        0   1435.5     59.2 0 0
        4        0   100000              96.3 1 1
        4     0.49        0   2030.8     96.3 0 0
        4     2.25        0   2186.5     96.3 0 0
        4     5.15        0   3664.9     96.3 0 0
        4    12.73        0   5371.2     96.3 0 0
        4    24.81        0     3868     96.3 0 0
        4    53.38        0   2429.4     96.3 0 0
        4    93.12        0   1577.3     96.3 0 0
        5        0   100000              74.8 1 1
        5     0.52        0     3945     74.8 0 0
        5     2.05        0    19679     74.8 0 0
        5     5.68        0   7649.2     74.8 0 0
        5    13.54        0   3138.3     74.8 0 0
        5    26.95        0   5226.3     74.8 0 0
        5    51.48        0   1131.8     74.8 0 0
        5   112.51        0   75.979     74.8 0 0
        6        0   100000              59.4 1 1
        6     0.53        0   3979.2     59.4 0 0
        6     1.76        0   9772.4     59.4 0 0
        6     5.67        0   4154.2     59.4 0 0
        6    10.62        0   4467.4     59.4 0 0
        6    22.89        0    13651     59.4 0 0
        6    45.11        0   3827.3     59.4 0 0
        6    96.41        0   568.45     59.4 0 0
        7        0   100000              77.2 1 1
        7     0.46        0   2192.3     77.2 0 0
        7     2.03        0     6038     77.2 0 0
        7     5.62        0   5843.3     77.2 0 0
        7    14.32        0   4570.6     77.2 0 0
        7    25.78        0   3024.3     77.2 0 0
        7    52.57        0   4612.6     77.2 0 0
        7    99.76        0   945.05     77.2 0 0
        8        0   100000              81.1 1 1
        8     0.59        0   3594.7     81.1 0 0
        8     1.88        0   4000.2     81.1 0 0
        8     5.73        0   2434.6     81.1 0 0
        8    13.85        0   4107.6     81.1 0 0
        8    22.49        0   3983.2     81.1 0 0
        8    47.01        0   1534.9     81.1 0 0
        8     92.3        0   1655.9     81.1 0 0
        9        0   100000              78.5 1 1
        9     0.48        0   5493.6     78.5 0 0
        9     1.94        0    19872     78.5 0 0
        9      6.3        0   6758.2     78.5 0 0
        9    11.79        0   9434.9     78.5 0 0
        9    22.82        0   7853.8     78.5 0 0
        9     54.9        0   3858.1     78.5 0 0
        9    93.96        0   206.89     78.5 0 0
       10        0   100000              65.9 1 1
       10     0.49        0   6130.7     65.9 0 0
       10     1.98        0   6961.2     65.9 0 0
       10     6.44        0   6550.5     65.9 0 0
       10    11.91        0     8609     65.9 0 0
       10    23.91        0   7497.3     65.9 0 0
       10    44.84        0   3128.1     65.9 0 0
       10    92.94        0   991.15     65.9 0 0
       11        0   100000              94.7 1 1
       11      0.5        0   2260.7     94.7 0 0
       11     1.89        0   3231.1     94.7 0 0
       11     6.33        0   3521.7     94.7 0 0
       11    10.31        0   6249.1     94.7 0 0
       11    24.75        0   5673.4     94.7 0 0
       11    41.16        0   6228.5     94.7 0 0
       11    93.15        0   186.61     94.7 0 0
       12        0   100000              75.7 1 1
       12     0.47        0   5783.8     75.7 0 0
       12     1.87        0    10847     75.7 0 0
       12     5.97        0    10298     75.7 0 0
       12     9.91        0    12271     75.7 0 0
       12       27        0    10109     75.7 0 0
       12    40.64        0   4017.2     75.7 0 0
       12    91.65        0   91.338     75.7 0 0
       13        0   100000              61.8 1 1
       13     0.45        0   3464.7     61.8 0 0
       13     1.86        0     3426     61.8 0 0
       13     7.39        0   2978.2     61.8 0 0
       13    12.02        0    12083     61.8 0 0
       13     21.1        0   2793.4     61.8 0 0
       13    40.74        0   3546.3     61.8 0 0
       13   100.42        0   1098.6     61.8 0 0
       14        0   100000                45 1 1
       14      0.5        0   2193.6       45 0 0
       14     1.94        0   3889.4       45 0 0
       14     5.47        0    14123       45 0 0
       14    10.34        0   3772.1       45 0 0
       14    21.55        0     4714       45 0 0
       14    53.05        0   3255.1       45 0 0
       14    90.22        0   1205.7       45 0 0
       15        0   100000              87.7 1 1
       15     0.44        0    13242     87.7 0 0
       15     2.41        0    18431     87.7 0 0
       15     6.26        0    17841     87.7 0 0
       15    11.72        0   7963.9     87.7 0 0
       15    26.68        0   9810.2     87.7 0 0
       15    52.45        0   5912.4     87.7 0 0
       15    90.24        0    10879     87.7 0 0
       16        0   100000              69.4 1 1
       16     0.62        0   5753.4     69.4 0 0
       16     1.95        0   9271.9     69.4 0 0
       16      5.2        0   5338.4     69.4 0 0
       16    11.83        0   3563.4     69.4 0 0
       16     24.5        0   4731.1     69.4 0 0
       16    60.46        0   2236.1     69.4 0 0
       16    97.02        0   360.63     69.4 0 0
       17        0   100000              69.8 1 1
       17     0.52        0   1328.2     69.8 0 0
       17     1.98        0   5454.2     69.8 0 0
       17      5.8        0     6539     69.8 0 0
       17    11.96        0    12219     69.8 0 0
       17    25.97        0    20337     69.8 0 0
       17    59.07        0   1483.4     69.8 0 0
       17   106.39        0     2768     69.8 0 0
       18        0   100000              84.5 1 1
       18     0.56        0   4369.8     84.5 0 0
       18     1.77        0   9180.4     84.5 0 0
       18     6.62        0    14570     84.5 0 0
       18    12.27        0   7849.9     84.5 0 0
       18    20.72        0     6501     84.5 0 0
       18    50.57        0   1247.7     84.5 0 0
       18    94.49        0   988.27     84.5 0 0
       19        0   100000              82.5 1 1
       19     0.58        0   763.01     82.5 0 0
       19     1.85        0   3529.1     82.5 0 0
       19     5.75        0    12219     82.5 0 0
       19    10.94        0   2494.5     82.5 0 0
       19    23.58        0   9661.6     82.5 0 0
       19    49.97        0   3150.9     82.5 0 0
       19    89.23        0   2384.6     82.5 0 0
       20        0   100000              78.8 1 1
       20     0.54        0   4648.6     78.8 0 0
       20     1.77        0   7058.6     78.8 0 0
       20      5.4        0   4801.2     78.8 0 0
       20    13.86        0   5696.6     78.8 0 0
       20    21.68        0     3934     78.8 0 0
       20    50.02        0   2115.6     78.8 0 0
       20    92.41        0   20.375     78.8 0 0
       21        0   100000              84.1 1 1
       21     0.52        0   6716.7     84.1 0 0
       21     2.37        0    17839     84.1 0 0
       21     7.03        0   6523.7     84.1 0 0
       21    11.61        0   4586.1     84.1 0 0
       21     19.1        0   3183.8     84.1 0 0
       21    61.62        0   396.51     84.1 0 0
       21   102.62        0 0.027835     84.1 0 0
       22        0   100000              81.9 1 1
       22     0.53        0   1921.8     81.9 0 0
       22        2        0   7539.1     81.9 0 0
       22     6.31        0   4018.4     81.9 0 0
       22     11.8        0   3595.5     81.9 0 0
       22    25.03        0   2285.7     81.9 0 0
       22    46.12        0   1711.3     81.9 0 0
       22    83.71        0   1559.5     81.9 0 0
       23        0   100000              71.1 1 1
       23     0.55        0   3537.7     71.1 0 0
       23     2.33        0   5283.6     71.1 0 0
       23     5.82        0     3202     71.1 0 0
       23    10.59        0   3318.6     71.1 0 0
       23    25.59        0   6707.5     71.1 0 0
       23    47.79        0   2793.8     71.1 0 0
       23    80.72        0   1082.7     71.1 0 0
       24        0   100000                47 1 1
       24      0.5        0   726.03       47 0 0
       24     1.88        0   4940.4       47 0 0
       24      5.8        0   3201.4       47 0 0
       24    10.69        0   7132.6       47 0 0
       24    28.74        0   4033.6       47 0 0
       24    46.44        0   4391.4       47 0 0
       24    81.76        0   1686.7       47 0 0
       25        0   100000              79.2 1 1
       25     0.51        0   1735.5     79.2 0 0
       25     2.05        0   3751.7     79.2 0 0
       25     5.44        0   3105.7     79.2 0 0
       25     8.99        0   7873.2     79.2 0 0
       25    22.51        0   2750.6     79.2 0 0
       25    50.82        0   1150.7     79.2 0 0
       25    95.43        0   187.53     79.2 0 0
       26        0   100000              69.2 1 1
       26      0.5        0   1651.9     69.2 0 0
       26     2.12        0     2284     69.2 0 0
       26     5.33        0   1760.3     69.2 0 0
       26    13.39        0   2048.7     69.2 0 0
       26    23.99        0   1725.3     69.2 0 0
       26    51.52        0     4477     69.2 0 0
       26   106.46        0   250.41     69.2 0 0
       27        0   100000              67.9 1 1
       27     0.51        0   4251.8     67.9 0 0
       27     1.83        0   7762.2     67.9 0 0
       27     6.74        0    12734     67.9 0 0
       27     9.82        0   6322.1     67.9 0 0
       27    22.73        0     8097     67.9 0 0
       27    46.79        0   3063.1     67.9 0 0
       27    94.42        0   252.21     67.9 0 0
       28        0   100000              52.2 1 1
       28     0.55        0   3848.9     52.2 0 0
       28     2.03        0   2450.7     52.2 0 0
       28     6.25        0   4097.7     52.2 0 0
       28    11.92        0   1885.2     52.2 0 0
       28    23.41        0   3133.1     52.2 0 0
       28    51.46        0   4726.8     52.2 0 0
       28   107.66        0   2511.6     52.2 0 0
       29        0   100000              63.6 1 1
       29     0.39        0   5425.2     63.6 0 0
       29     2.12        0   2166.2     63.6 0 0
       29     6.23        0    15177     63.6 0 0
       29     11.5        0    26048     63.6 0 0
       29    26.39        0   5358.5     63.6 0 0
       29    46.17        0   7256.2     63.6 0 0
       29    93.31        0   2587.6     63.6 0 0
       30        0   100000              76.1 1 1
       30     0.54        0   4614.3     76.1 0 0
       30     2.38        0   4922.6     76.1 0 0
       30     6.16        0   3593.7     76.1 0 0
       30     11.5        0   2848.8     76.1 0 0
       30    21.31        0   1508.4     76.1 0 0
       30    46.44        0   3423.6     76.1 0 0
       30    87.39        0   1199.1     76.1 0 0
       31        0   100000              91.9 1 1
       31     0.49        0    10120     91.9 0 0
       31     2.08        0   6376.9     91.9 0 0
       31     5.51        0   2912.4     91.9 0 0
       31    15.64        0    20069     91.9 0 0
       31    24.38        0    17449     91.9 0 0
       31    53.74        0   6702.5     91.9 0 0
       31    76.36        0   5459.3     91.9 0 0
       32        0   100000              68.6 1 1
       32     0.54        0   1457.9     68.6 0 0
       32     1.75        0   2463.8     68.6 0 0
       32     6.58        0   3748.1     68.6 0 0
       32    12.49        0   7725.3     68.6 0 0
       32    23.04        0   3837.6     68.6 0 0
       32     54.8        0   1451.6     68.6 0 0
       32     89.5        0   189.26     68.6 0 0
       33        0   100000              75.6 1 1
       33     0.47        0   5768.3     75.6 0 0
       33     1.81        0   8037.8     75.6 0 0
       33     5.61        0   7035.4     75.6 0 0
       33    13.19        0   4508.8     75.6 0 0
       33    25.06        0    12970     75.6 0 0
       33    53.08        0    10963     75.6 0 0
       33    92.33        0   6416.6     75.6 0 0
       34        0   100000              69.3 1 1
       34     0.52        0   1915.6     69.3 0 0
       34     2.05        0   2432.2     69.3 0 0
       34      5.2        0     4006     69.3 0 0
       34    14.34        0   7547.2     69.3 0 0
       34    24.32        0   3147.8     69.3 0 0
       34    51.82        0   2275.7     69.3 0 0
       34   105.62        0   1099.7     69.3 0 0
       35        0   100000              53.1 1 1
       35      0.5        0     1759     53.1 0 0
       35     1.94        0   8146.8     53.1 0 0
       35     6.56        0   7057.6     53.1 0 0
       35    10.81        0    10951     53.1 0 0
       35    29.23        0   2015.1     53.1 0 0
       35    46.19        0   3052.9     53.1 0 0
       35   113.27        0   242.25     53.1 0 0
       36        0   100000              64.4 1 1
       36     0.58        0   3241.6     64.4 0 0
       36     2.02        0   5162.8     64.4 0 0
       36     6.35        0   4782.5     64.4 0 0
       36    10.83        0   3588.9     64.4 0 0
       36    24.79        0   2772.2     64.4 0 0
       36    53.28        0   1576.9     64.4 0 0
       36    96.96        0   384.36     64.4 0 0
       37        0   100000              64.7 1 1
       37     0.48        0   3669.9     64.7 0 0
       37     1.87        0   7171.4     64.7 0 0
       37     5.98        0    11488     64.7 0 0
       37    13.35        0    21422     64.7 0 0
       37    22.87        0   3017.7     64.7 0 0
       37    47.42        0     5747     64.7 0 0
       37    84.35        0   532.85     64.7 0 0
       38        0   100000              69.2 1 1
       38     0.53        0   3289.4     69.2 0 0
       38     2.28        0   6263.6     69.2 0 0
       38     6.97        0   6223.4     69.2 0 0
       38    13.02        0   4831.3     69.2 0 0
       38    19.91        0    18926     69.2 0 0
       38    50.37        0   8904.5     69.2 0 0
       38   100.48        0   1046.7     69.2 0 0
       39        0   100000              87.2 1 1
       39     0.48        0   2730.7     87.2 0 0
       39     2.03        0   3365.2     87.2 0 0
       39      5.5        0   5147.4     87.2 0 0
       39    12.84        0   4809.3     87.2 0 0
       39    23.23        0   4390.7     87.2 0 0
       39    41.03        0   3084.8     87.2 0 0
       39    92.54        0   91.915     87.2 0 0
       40        0   100000              81.5 1 1
       40     0.57        0     4056     81.5 0 0
       40     1.93        0   9924.1     81.5 0 0
       40     6.46        0   9255.9     81.5 0 0
       40    13.19        0   8199.5     81.5 0 0
       40    24.01        0   1552.9     81.5 0 0
       40    46.34        0   848.65     81.5 0 0
       40    91.05        0   0.9178     81.5 0 0
       41        0   100000              67.7 1 1
       41     0.54        0   1687.9     67.7 0 0
       41      1.8        0   3475.7     67.7 0 0
       41     6.15        0   8040.1     67.7 0 0
       41    11.66        0   4507.6     67.7 0 0
       41    19.14        0   2486.7     67.7 0 0
       41    41.69        0     5725     67.7 0 0
       41   105.21        0   1337.4     67.7 0 0
       42        0   100000              66.5 1 1
       42     0.49        0   1691.8     66.5 0 0
       42     2.17        0   2684.8     66.5 0 0
       42     7.25        0   5229.8     66.5 0 0
       42    13.91        0    23087     66.5 0 0
       42    25.68        0   7259.6     66.5 0 0
       42    49.86        0   2300.8     66.5 0 0
       42    94.17        0   1815.4     66.5 0 0
       43        0   100000              80.5 1 1
       43     0.59        0   4527.9     80.5 0 0
       43     2.12        0   5065.1     80.5 0 0
       43     5.34        0   7466.8     80.5 0 0
       43    11.81        0   6584.4     80.5 0 0
       43    19.81        0   7795.2     80.5 0 0
       43    47.07        0   5186.5     80.5 0 0
       43    74.08        0   2435.6     80.5 0 0
       44        0   100000              78.2 1 1
       44     0.57        0   2344.1     78.2 0 0
       44     1.88        0   3111.7     78.2 0 0
       44     5.75        0   9380.3     78.2 0 0
       44     11.8        0   2331.7     78.2 0 0
       44    25.52        0   5925.1     78.2 0 0
       44    51.37        0   1562.5     78.2 0 0
       44   101.61        0   284.95     78.2 0 0
       45        0   100000                61 1 1
       45     0.47        0   3404.3       61 0 0
       45     1.75        0   5946.1       61 0 0
       45     5.77        0   4687.4       61 0 0
       45    12.34        0   5262.3       61 0 0
       45     22.1        0     2347       61 0 0
       45    47.67        0   1291.8       61 0 0
       45    85.42        0   371.06       61 0 0
       46        0   100000              60.8 1 1
       46      0.5        0   1078.6     60.8 0 0
       46     2.03        0   8801.8     60.8 0 0
       46     5.91        0   7474.6     60.8 0 0
       46     11.8        0   9985.6     60.8 0 0
       46    28.63        0   2333.3     60.8 0 0
       46     51.8        0   2345.3     60.8 0 0
       46   107.29        0   813.13     60.8 0 0
       47        0   100000              75.3 1 1
       47     0.46        0   3964.7     75.3 0 0
       47     2.03        0     2537     75.3 0 0
       47     6.73        0   8582.2     75.3 0 0
       47    11.93        0   5169.7     75.3 0 0
       47     19.4        0   2563.2     75.3 0 0
       47    49.68        0   2195.9     75.3 0 0
       47    79.35        0   3248.2     75.3 0 0
       48        0   100000              81.6 1 1
       48     0.46        0   2013.4     81.6 0 0
       48     2.28        0   9112.6     81.6 0 0
       48     6.38        0   5172.3     81.6 0 0
       48    13.38        0   4439.3     81.6 0 0
       48    24.75        0   6433.7     81.6 0 0
       48    47.47        0     1678     81.6 0 0
       48    87.52        0   312.52     81.6 0 0
       49        0   100000              68.4 1 1
       49     0.59        0   4410.1     68.4 0 0
       49     2.01        0   9918.2     68.4 0 0
       49     5.59        0   4967.1     68.4 0 0
       49    13.08        0   2529.6     68.4 0 0
       49    26.72        0   3668.4     68.4 0 0
       49    58.02        0   1127.6     68.4 0 0
       49    90.38        0   272.63     68.4 0 0
       50        0   100000              83.5 1 1
       50     0.48        0   1820.6     83.5 0 0
       50     1.92        0    10352     83.5 0 0
       50     5.78        0   6801.3     83.5 0 0
       50    11.57        0   8480.6     83.5 0 0
       50     23.3        0   7087.1     83.5 0 0
       50    55.44        0   2501.2     83.5 0 0
       50    89.53        0   994.12     83.5 0 0
       51        0   100000              75.8 1 1
       51     0.48        0   6708.6     75.8 0 0
       51     2.13        0    10577     75.8 0 0
       51     6.71        0    26396     75.8 0 0
       51    11.11        0    29633     75.8 0 0
       51    22.81        0    17912     75.8 0 0
       51    50.58        0     8762     75.8 0 0
       51   106.28        0   2778.1     75.8 0 0
       52        0   100000              61.9 1 1
       52     0.49        0   7189.5     61.9 0 0
       52     1.73        0   4052.9     61.9 0 0
       52     7.12        0    11170     61.9 0 0
       52    13.85        0   7651.3     61.9 0 0
       52    22.35        0     4000     61.9 0 0
       52    47.69        0   3142.2     61.9 0 0
       52    80.51        0   3303.7     61.9 0 0
       53        0   100000              74.9 1 1
       53     0.53        0   1766.7     74.9 0 0
       53     2.35        0   3032.7     74.9 0 0
       53     5.09        0   7368.4     74.9 0 0
       53     11.1        0   6900.7     74.9 0 0
       53    22.51        0   6360.1     74.9 0 0
       53    44.84        0   3645.8     74.9 0 0
       53    78.34        0     3393     74.9 0 0
       54        0   100000              55.8 1 1
       54     0.53        0   7121.3     55.8 0 0
       54     1.72        0   9199.9     55.8 0 0
       54     5.99        0   3774.2     55.8 0 0
       54    12.73        0    15289     55.8 0 0
       54    23.53        0     6617     55.8 0 0
       54    52.48        0    13362     55.8 0 0
       54    95.75        0   6671.2     55.8 0 0
       55        0   100000              93.2 1 1
       55     0.47        0   3143.3     93.2 0 0
       55     2.13        0    13142     93.2 0 0
       55     5.75        0    11862     93.2 0 0
       55    14.33        0   7594.8     93.2 0 0
       55    23.96        0   3277.9     93.2 0 0
       55    52.27        0   4184.2     93.2 0 0
       55    97.99        0      973     93.2 0 0
       56        0   100000               104 1 1
       56     0.37        0   576.98      104 0 0
       56     1.74        0    10897      104 0 0
       56     5.75        0    10854      104 0 0
       56    12.29        0   3414.2      104 0 0
       56    18.99        0   1702.7      104 0 0
       56    52.85        0   1501.7      104 0 0
       56    90.37        0    744.8      104 0 0
       57        0   100000                65 1 1
       57     0.46        0   3087.7       65 0 0
       57     1.71        0   3941.6       65 0 0
       57     5.19        0     8279       65 0 0
       57    12.07        0   5110.5       65 0 0
       57    25.25        0   6088.9       65 0 0
       57    38.92        0   2297.8       65 0 0
       57    86.83        0     0.05       65 0 0
       58        0   100000              56.8 1 1
       58     0.53        0   2664.6     56.8 0 0
       58     1.91        0     8133     56.8 0 0
       58     7.45        0     7888     56.8 0 0
       58    13.59        0    18851     56.8 0 0
       58    25.47        0   5797.1     56.8 0 0
       58    48.02        0   3956.2     56.8 0 0
       58    98.72        0   2681.9     56.8 0 0
       59        0   100000              78.4 1 1
       59     0.47        0    10093     78.4 0 0
       59     2.13        0   6471.6     78.4 0 0
       59     6.96        0   9117.4     78.4 0 0
       59    13.37        0   6093.8     78.4 0 0
       59    22.13        0    11895     78.4 0 0
       59    40.83        0   7098.1     78.4 0 0
       59    94.95        0   5651.8     78.4 0 0
       60        0   100000              68.1 1 1
       60     0.52        0   1156.7     68.1 0 0
       60     2.29        0   8426.1     68.1 0 0
       60     5.26        0   3686.5     68.1 0 0
       60    12.45        0   7475.5     68.1 0 0
       60    24.57        0   5143.2     68.1 0 0
       60    54.09        0   2505.6     68.1 0 0
       60    95.73        0   58.639     68.1 0 0
