      1      0 100000          61.8 1 1
      1   0.64      0 2996.5   61.8 0 0
      1   1.99      0 5969.6   61.8 0 0
      1   6.43      0 8340.7   61.8 0 0
      1  12.03      0   8196   61.8 0 0
      1  22.28      0 9977.3   61.8 0 0
      1  48.91      0 2950.2   61.8 0 0
      1  80.15      0 100.77   61.8 0 0
      2      0 100000          72.6 1 1
      2   0.58      0 4386.3   72.6 0 0
      2   2.03      0 8459.7   72.6 0 0
      2   7.46      0  11822   72.6 0 0
      2  12.58      0   9889   72.6 0 0
      2  22.36      0 9151.2   72.6 0 0
      2  51.02      0 5292.6   72.6 0 0
      2  87.44      0 2450.9   72.6 0 0
      3      0 100000          59.2 1 1
      3   0.44      0 2593.2   59.2 0 0
      3   2.06      0 2363.9   59.2 0 0
      3   5.74      0 8230.7   59.2 0 0
      3     12      0  10171   59.2 0 0
      3  24.18      0 2755.4   59.2 0 0
      3  45.25      0 4007.2   59.2 0 0
      3  90.69      0 1454.7   59.2 0 0
      4      0 100000          96.3 1 1
      4   0.49      0 2066.5   96.3 0 0
      4   2.25      0 2225.4   96.3 0 0
      4   5.15      0 3731.7   96.3 0 0
      4  12.73      0 5475.9   96.3 0 0
      4  24.81      0 3953.3   96.3 0 0
      4  53.38      0 2506.2   96.3 0 0
      4  93.12      0 1671.5   96.3 0 0
      5      0 100000          74.8 1 1
      5   0.52      0 4218.4   74.8 0 0
      5   2.05      0  21044   74.8 0 0
      5   5.68      0 8181.4   74.8 0 0
      5  13.54      0   3358   74.8 0 0
      5  26.95      0 5598.2   74.8 0 0
      5  51.48      0   1217   74.8 0 0
      5 112.51      0 87.425   74.8 0 0
      6      0 100000          59.4 1 1
      6   0.53      0 2948.8   59.4 0 0
      6   1.76      0   7249   59.4 0 0
      6   5.67      0 3093.9   59.4 0 0
      6  10.62      0 3348.2   59.4 0 0
      6  22.89      0  10444   59.4 0 0
      6  45.11      0 3132.4   59.4 0 0
      6  96.41      0 860.71   59.4 0 0
      7      0 100000          77.2 1 1
      7   0.46      0 2741.5   77.2 0 0
      7   2.03      0 7549.2   77.2 0 0
      7   5.62      0 7301.4   77.2 0 0
      7  14.32      0 5698.8   77.2 0 0
      7  25.78      0 3756.6   77.2 0 0
      7  52.57      0 5642.9   77.2 0 0
      7  99.76      0 1033.5   77.2 0 0
      8      0 100000          81.1 1 1
      8   0.59      0 3359.2   81.1 0 0
      8   1.88      0 3738.5   81.1 0 0
      8   5.73      0 2276.2   81.1 0 0
      8  13.85      0 3843.4   81.1 0 0
      8  22.49      0 3731.1   81.1 0 0
      8  47.01      0 1444.8   81.1 0 0
      8   92.3      0 1597.4   81.1 0 0
      9      0 100000          78.5 1 1
      9   0.48      0 5367.5   78.5 0 0
      9   1.94      0  19419   78.5 0 0
      9    6.3      0 6609.8   78.5 0 0
      9  11.79      0   9240   78.5 0 0
      9  22.82      0 7719.8   78.5 0 0
      9   54.9      0 3903.3   78.5 0 0
      9  93.96      0 276.28   78.5 0 0
     10      0 100000          65.9 1 1
     10   0.49      0   4567   65.9 0 0
     10   1.98      0 5190.1   65.9 0 0
     10   6.44      0 4900.1   65.9 0 0
     10  11.91      0 6471.7   65.9 0 0
     10  23.91      0 5714.3   65.9 0 0
     10  44.84      0 2483.7   65.9 0 0
     10  92.94      0 1086.4   65.9 0 0
     11      0 100000          94.7 1 1
     11    0.5      0 2598.5   94.7 0 0
     11   1.89      0 3714.2   94.7 0 0
     11   6.33      0 4048.4   94.7 0 0
     11  10.31      0 7184.9   94.7 0 0
     11  24.75      0 6526.6   94.7 0 0
     11  41.16      0 7174.1   94.7 0 0
     11  93.15      0 222.74   94.7 0 0
     12      0 100000          75.7 1 1
     12   0.47      0 4852.6   75.7 0 0
     12   1.87      0 9104.6   75.7 0 0
     12   5.97      0 8663.7   75.7 0 0
     12   9.91      0  10353   75.7 0 0
     12     27      0 8691.4   75.7 0 0
     12  40.64      0 3560.8   75.7 0 0
     12  91.65      0 219.17   75.7 0 0
     13      0 100000          61.8 1 1
     13   0.45      0 3706.5   61.8 0 0
     13   1.86      0 3664.5   61.8 0 0
     13   7.39      0 3183.8   61.8 0 0
     13  12.02      0  12910   61.8 0 0
     13   21.1      0 2980.7   61.8 0 0
     13  40.74      0 3768.3   61.8 0 0
     13 100.42      0   1110   61.8 0 0
     14      0 100000            45 1 1
     14    0.5      0 1895.9     45 0 0
     14   1.94      0 3362.5     45 0 0
     14   5.47      0  12220     45 0 0
     14  10.34      0 3268.2     45 0 0
     14  21.55      0 4099.6     45 0 0
     14  53.05      0 2887.2     45 0 0
     14  90.22      0 1145.9     45 0 0
     15      0 100000          87.7 1 1
     15   0.44      0  13967   87.7 0 0
     15   2.41      0  19437   87.7 0 0
     15   6.26      0  18803   87.7 0 0
     15  11.72      0   8385   87.7 0 0
     15  26.68      0  10294   87.7 0 0
     15  52.45      0 6144.9   87.7 0 0
     15  90.24      0  10903   87.7 0 0
     16      0 100000          69.4 1 1
     16   0.62      0 5856.8   69.4 0 0
     16   1.95      0 9438.3   69.4 0 0
     16    5.2      0 5433.6   69.4 0 0
     16  11.83      0 3625.9   69.4 0 0
     16   24.5      0 4810.6   69.4 0 0
     16  60.46      0 2263.7   69.4 0 0
     16  97.02      0 359.17   69.4 0 0
     17      0 100000          69.8 1 1
     17   0.52      0 1518.9   69.8 0 0
     17   1.98      0 6233.8   69.8 0 0
     17    5.8      0 7463.4   69.8 0 0
     17  11.96      0  13912   69.8 0 0
     17  25.97      0  22992   69.8 0 0
     17  59.07      0 1633.4   69.8 0 0
     17 106.39      0 2777.3   69.8 0 0
     18      0 100000          84.5 1 1
     18   0.56      0   3676   84.5 0 0
     18   1.77      0 7724.7   84.5 0 0
     18   6.62      0  12280   84.5 0 0
     18  12.27      0 6631.4   84.5 0 0
     18  20.72      0 5516.1   84.5 0 0
     18  50.57      0 1093.1   84.5 0 0
     18  94.49      0 1108.3   84.5 0 0
     19      0 100000          82.5 1 1
     19   0.58      0 1061.6   82.5 0 0
     19   1.85      0   4908   82.5 0 0
     19   5.75      0  16971   82.5 0 0
     19  10.94      0 3457.5   82.5 0 0
     19  23.58      0  13311   82.5 0 0
     19  49.97      0   4252   82.5 0 0
     19  89.23      0 2961.9   82.5 0 0
     20      0 100000          78.8 1 1
     20   0.54      0 5266.4   78.8 0 0
     20   1.77      0 7997.4   78.8 0 0
     20    5.4      0 5444.3   78.8 0 0
     20  13.86      0 6476.6   78.8 0 0
     20  21.68      0   4488   78.8 0 0
     20  50.02      0 2505.6   78.8 0 0
     20  92.41      0 48.926   78.8 0 0
     21      0 100000          84.1 1 1
     21   0.52      0   5639   84.1 0 0
     21   2.37      0  14990   84.1 0 0
     21   7.03      0 5505.4   84.1 0 0
     21  11.61      0 3891.6   84.1 0 0
     21   19.1      0 2734.9   84.1 0 0
     21  61.62      0 623.31   84.1 0 0
     21 102.62      0 6.3465   84.1 0 0
     22      0 100000          81.9 1 1
     22   0.53      0 1945.3   81.9 0 0
     22      2      0 7632.2   81.9 0 0
     22   6.31      0 4069.6   81.9 0 0
     22   11.8      0 3643.4   81.9 0 0
     22  25.03      0 2320.3   81.9 0 0
     22  46.12      0 1745.3   81.9 0 0
     22  83.71      0 1624.1   81.9 0 0
     23      0 100000          71.1 1 1
     23   0.55      0 4325.3   71.1 0 0
     23   2.33      0 6458.6   71.1 0 0
     23   5.82      0 3911.2   71.1 0 0
     23  10.59      0 4049.9   71.1 0 0
     23  25.59      0 8153.7   71.1 0 0
     23  47.79      0 3358.9   71.1 0 0
     23  80.72      0 1234.9   71.1 0 0
     24      0 100000            47 1 1
     24    0.5      0 605.51     47 0 0
     24   1.88      0 4123.6     47 0 0
     24    5.8      0 2676.9     47 0 0
     24  10.69      0 5980.1     47 0 0
     24  28.74      0 3426.4     47 0 0
     24  46.44      0 3805.2     47 0 0
     24  81.76      0 1580.4     47 0 0
     25      0 100000          79.2 1 1
     25   0.51      0   1707   79.2 0 0
     25   2.05      0 3691.2   79.2 0 0
     25   5.44      0 3058.6   79.2 0 0
     25   8.99      0   7763   79.2 0 0
     25  22.51      0 2728.8   79.2 0 0
     25  50.82      0 1176.1   79.2 0 0
     25  95.43      0 248.42   79.2 0 0
     26      0 100000          69.2 1 1
     26    0.5      0 1643.6   69.2 0 0
     26   2.12      0 2273.2   69.2 0 0
     26   5.33      0 1753.3   69.2 0 0
     26  13.39      0 2045.2   69.2 0 0
     26  23.99      0 1729.2   69.2 0 0
     26  51.52      0 4569.5   69.2 0 0
     26 106.46      0 291.16   69.2 0 0
     27      0 100000          67.9 1 1
     27   0.51      0 3560.7   67.9 0 0
     27   1.83      0 6504.8   67.9 0 0
     27   6.74      0  10709   67.9 0 0
     27   9.82      0 5330.9   67.9 0 0
     27  22.73      0   6934   67.9 0 0
     27  46.79      0 2805.8   67.9 0 0
     27  94.42      0 587.64   67.9 0 0
     28      0 100000          52.2 1 1
     28   0.55      0   4411   52.2 0 0
     28   2.03      0 2806.9   52.2 0 0
     28   6.25      0 4683.7   52.2 0 0
     28  11.92      0 2148.3   52.2 0 0
     28  23.41      0 3544.6   52.2 0 0
     28  51.46      0 5213.5   52.2 0 0
     28 107.66      0 2464.9   52.2 0 0
     29      0 100000          63.6 1 1
     29   0.39      0   6322   63.6 0 0
     29   2.12      0   2524   63.6 0 0
     29   6.23      0  17666   63.6 0 0
     29   11.5      0  30280   63.6 0 0
     29  26.39      0 6199.3   63.6 0 0
     29  46.17      0 8311.2   63.6 0 0
     29  93.31      0 2758.3   63.6 0 0
     30      0 100000          76.1 1 1
     30   0.54      0 3979.1   76.1 0 0
     30   2.38      0 4248.7   76.1 0 0
     30   6.16      0 3108.9   76.1 0 0
     30   11.5      0   2474   76.1 0 0
     30  21.31      0   1321   76.1 0 0
     30  46.44      0 3097.7   76.1 0 0
     30  87.39      0 1220.4   76.1 0 0
     31      0 100000          91.9 1 1
     31   0.49      0  11052   91.9 0 0
     31   2.08      0 6963.5   91.9 0 0
     31   5.51      0 3179.3   91.9 0 0
     31  15.64      0  21875   91.9 0 0
     31  24.38      0  18988   91.9 0 0
     31  53.74      0 7221.1   91.9 0 0
     31  76.36      0 5770.6   91.9 0 0
     32      0 100000          68.6 1 1
     32   0.54      0 1322.9   68.6 0 0
     32   1.75      0 2237.5   68.6 0 0
     32   6.58      0 3419.5   68.6 0 0
     32  12.49      0 7099.4   68.6 0 0
     32  23.04      0 3590.7   68.6 0 0
     32   54.8      0 1575.1   68.6 0 0
     32   89.5      0  406.8   68.6 0 0
     33      0 100000          75.6 1 1
     33   0.47      0 6494.6   75.6 0 0
     33   1.81      0 9048.4   75.6 0 0
     33   5.61      0 7913.8   75.6 0 0
     33  13.19      0 5061.7   75.6 0 0
     33  25.06      0  14504   75.6 0 0
     33  53.08      0  12073   75.6 0 0
     33  92.33      0 6637.8   75.6 0 0
     34      0 100000          69.3 1 1
     34   0.52      0 2197.8   69.3 0 0
     34   2.05      0 2789.8   69.3 0 0
     34    5.2      0 4592.2   69.3 0 0
     34  14.34      0 8631.4   69.3 0 0
     34  24.32      0 3588.3   69.3 0 0
     34  51.82      0 2553.5   69.3 0 0
     34 105.62      0 1083.7   69.3 0 0
     35      0 100000          53.1 1 1
     35    0.5      0 1543.7   53.1 0 0
     35   1.94      0 7153.6   53.1 0 0
     35   6.56      0 6207.2   53.1 0 0
     35  10.81      0 9648.3   53.1 0 0
     35  29.23      0 1796.2   53.1 0 0
     35  46.19      0 2778.5   53.1 0 0
     35 113.27      0 424.69   53.1 0 0
     36      0 100000          64.4 1 1
     36   0.58      0 3112.3   64.4 0 0
     36   2.02      0 4958.3   64.4 0 0
     36   6.35      0 4596.9   64.4 0 0
     36  10.83      0 3453.2   64.4 0 0
     36  24.79      0 2678.3   64.4 0 0
     36  53.28      0 1545.3   64.4 0 0
     36  96.96      0 398.09   64.4 0 0
     37      0 100000          64.7 1 1
     37   0.48      0 3016.9   64.7 0 0
     37   1.87      0 5899.6   64.7 0 0
     37   5.98      0   9484   64.7 0 0
     37  13.35      0  17834   64.7 0 0
     37  22.87      0 2551.5   64.7 0 0
     37  47.42      0 5349.1   64.7 0 0
     37  84.35      0 1193.3   64.7 0 0
     38      0 100000          69.2 1 1
     38   0.53      0 4310.3   69.2 0 0
     38   2.28      0 8204.1   69.2 0 0
     38   6.97      0 8135.9   69.2 0 0
     38  13.02      0 6297.5   69.2 0 0
     38  19.91      0  24578   69.2 0 0
     38  50.37      0  11293   69.2 0 0
     38 100.48      0 1207.3   69.2 0 0
     39      0 100000          87.2 1 1
     39   0.48      0 2238.7   87.2 0 0
     39   2.03      0 2764.1   87.2 0 0
     39    5.5      0 4248.2   87.2 0 0
     39  12.84      0 4023.2   87.2 0 0
     39  23.23      0 3775.3   87.2 0 0
     39  41.03      0 2894.3   87.2 0 0
     39  92.54      0 282.35   87.2 0 0
     40      0 100000          81.5 1 1
     40   0.57      0 3289.7   81.5 0 0
     40   1.93      0 8056.2   81.5 0 0
     40   6.46      0 7558.8   81.5 0 0
     40  13.19      0 6785.1   81.5 0 0
     40  24.01      0 1335.9   81.5 0 0
     40  46.34      0 1088.7   81.5 0 0
     40  91.05      0 2.9549   81.5 0 0
     41      0 100000          67.7 1 1
     41   0.54      0 2140.4   67.7 0 0
     41    1.8      0 4406.7   67.7 0 0
     41   6.15      0  10176   67.7 0 0
     41  11.66      0 5690.6   67.7 0 0
     41  19.14      0 3127.1   67.7 0 0
     41  41.69      0   7081   67.7 0 0
     41 105.21      0 1413.5   67.7 0 0
     42      0 100000          66.5 1 1
     42   0.49      0 1806.4   66.5 0 0
     42   2.17      0 2865.1   66.5 0 0
     42   7.25      0 5568.4   66.5 0 0
     42  13.91      0  24501   66.5 0 0
     42  25.68      0 7652.2   66.5 0 0
     42  49.86      0 2379.7   66.5 0 0
     42  94.17      0 1760.3   66.5 0 0
     43      0 100000          80.5 1 1
     43   0.59      0 5655.3   80.5 0 0
     43   2.12      0 6325.1   80.5 0 0
     43   5.34      0 9316.6   80.5 0 0
     43  11.81      0 8199.7   80.5 0 0
     43  19.81      0 9680.6   80.5 0 0
     43  47.07      0 6346.8   80.5 0 0
     43  74.08      0 2891.2   80.5 0 0
     44      0 100000          78.2 1 1
     44   0.57      0 2343.1   78.2 0 0
     44   1.88      0 3111.1   78.2 0 0
     44   5.75      0 9388.6   78.2 0 0
     44   11.8      0 2338.6   78.2 0 0
     44  25.52      0 5981.9   78.2 0 0
     44  51.37      0 1618.9   78.2 0 0
     44 101.61      0 378.22   78.2 0 0
     45      0 100000            61 1 1
     45   0.47      0 2590.5     61 0 0
     45   1.75      0 4537.4     61 0 0
     45   5.77      0   3614     61 0 0
     45  12.34      0 4144.2     61 0 0
     45   22.1      0 1926.2     61 0 0
     45  47.67      0 1291.4     61 0 0
     45  85.42      0 761.41     61 0 0
     46      0 100000          60.8 1 1
     46    0.5      0 1304.3   60.8 0 0
     46   2.03      0  10643   60.8 0 0
     46   5.91      0 9031.7   60.8 0 0
     46   11.8      0  12051   60.8 0 0
     46  28.63      0 2803.3   60.8 0 0
     46   51.8      0   2784   60.8 0 0
     46 107.29      0 805.48   60.8 0 0
     47      0 100000          75.3 1 1
     47   0.46      0 3746.7   75.3 0 0
     47   2.03      0 2397.1   75.3 0 0
     47   6.73      0 8103.3   75.3 0 0
     47  11.93      0 4876.9   75.3 0 0
     47   19.4      0 2414.6   75.3 0 0
     47  49.68      0 2051.8   75.3 0 0
     47  79.35      0   2994   75.3 0 0
     48      0 100000          81.6 1 1
     48   0.46      0 1795.7   81.6 0 0
     48   2.28      0   8137   81.6 0 0
     48   6.38      0 4634.2   81.6 0 0
     48  13.38      0   4006   81.6 0 0
     48  24.75      0 5895.5   81.6 0 0
     48  47.47      0 1621.4   81.6 0 0
     48  87.52      0 390.56   81.6 0 0
     49      0 100000          68.4 1 1
     49   0.59      0 3989.2   68.4 0 0
     49   2.01      0 8977.3   68.4 0 0
     49   5.59      0   4506   68.4 0 0
     49  13.08      0 2308.1   68.4 0 0
     49  26.72      0 3398.7   68.4 0 0
     49  58.02      0 1134.1   68.4 0 0
     49  90.38      0 361.74   68.4 0 0
     50      0 100000          83.5 1 1
     50   0.48      0 1532.9   83.5 0 0
     50   1.92      0 8721.1   83.5 0 0
     50   5.78      0 5740.6   83.5 0 0
     50  11.57      0 7184.3   83.5 0 0
     50   23.3      0 6063.9   83.5 0 0
     50  55.44      0 2280.8   83.5 0 0
     50  89.53      0 1182.9   83.5 0 0
     51      0 100000          75.8 1 1
     51   0.48      0 6525.5   75.8 0 0
     51   2.13      0  10286   75.8 0 0
     51   6.71      0  25652   75.8 0 0
     51  11.11      0  28775   75.8 0 0
     51  22.81      0  17348   75.8 0 0
     51  50.58      0 8404.1   75.8 0 0
     51 106.28      0 2492.8   75.8 0 0
     52      0 100000          61.9 1 1
     52   0.49      0   7970   61.9 0 0
     52   1.73      0 4492.5   61.9 0 0
     52   7.12      0  12374   61.9 0 0
     52  13.85      0 8467.6   61.9 0 0
     52  22.35      0 4419.9   61.9 0 0
     52  47.69      0   3445   61.9 0 0
     52  80.51      0 3513.7   61.9 0 0
     53      0 100000          74.9 1 1
     53   0.53      0   1871   74.9 0 0
     53   2.35      0 3210.6   74.9 0 0
     53   5.09      0 7795.9   74.9 0 0
     53   11.1      0 7289.5   74.9 0 0
     53  22.51      0 6694.4   74.9 0 0
     53  44.84      0 3798.4   74.9 0 0
     53  78.34      0 3433.5   74.9 0 0
     54      0 100000          55.8 1 1
     54   0.53      0 8839.5   55.8 0 0
     54   1.72      0  11418   55.8 0 0
     54   5.99      0 4677.9   55.8 0 0
     54  12.73      0  18908   55.8 0 0
     54  23.53      0 8147.6   55.8 0 0
     54  52.48      0  16171   55.8 0 0
     54  95.75      0 7620.6   55.8 0 0
     55      0 100000          93.2 1 1
     55   0.47      0 3673.8   93.2 0 0
     55   2.13      0  15355   93.2 0 0
     55   5.75      0  13848   93.2 0 0
     55  14.33      0 8842.7   93.2 0 0
     55  23.96      0 3802.2   93.2 0 0
     55  52.27      0 4764.7   93.2 0 0
     55  97.99      0 1002.1   93.2 0 0
     56      0 100000           104 1 1
     56   0.37      0 522.36    104 0 0
     56   1.74      0 9872.1    104 0 0
     56   5.75      0 9851.2    104 0 0
     56  12.29      0 3110.9    104 0 0
     56  18.99      0 1558.8    104 0 0
     56  52.85      0   1451    104 0 0
     56  90.37      0 921.79    104 0 0
     57      0 100000            65 1 1
     57   0.46      0   2549     65 0 0
     57   1.71      0 3256.7     65 0 0
     57   5.19      0 6868.8     65 0 0
     57  12.07      0   4289     65 0 0
     57  25.25      0 5326.6     65 0 0
     57  38.92      0 2252.5     65 0 0
     57  86.83      0 21.357     65 0 0
     58      0 100000          56.8 1 1
     58   0.53      0 2779.6   56.8 0 0
     58   1.91      0 8483.3   56.8 0 0
     58   7.45      0 8222.8   56.8 0 0
     58  13.59      0  19636   56.8 0 0
     58  25.47      0 6026.4   56.8 0 0
     58  48.02      0 4087.2   56.8 0 0
     58  98.72      0 2604.6   56.8 0 0
     59      0 100000          78.4 1 1
     59   0.47      0  13033   78.4 0 0
     59   2.13      0 8351.9   78.4 0 0
     59   6.96      0  11741   78.4 0 0
     59  13.37      0 7822.5   78.4 0 0
     59  22.13      0  15195   78.4 0 0
     59  40.83      0   8953   78.4 0 0
     59  94.95      0 6673.3   78.4 0 0
     60      0 100000          68.1 1 1
     60   0.52      0 968.64   68.1 0 0
     60   2.29      0 7063.1   68.1 0 0
     60   5.26      0 3098.9   68.1 0 0
     60  12.45      0 6340.6   68.1 0 0
     60  24.57      0   4462   68.1 0 0
     60  54.09      0 2545.9   68.1 0 0
     60  95.73      0 200.15   68.1 0 0
