      1      0 100000          61.8 1 1
      1   0.64      0   2129   61.8 0 0
      1   1.99      0 3714.6   61.8 0 0
      1   6.43      0 5086.8   61.8 0 0
      1  12.03      0 5010.2   61.8 0 0
      1  22.28      0   6136   61.8 0 0
      1  48.91      0 1896.2   61.8 0 0
      1  80.15      0 99.706   61.8 0 0
      2      0 100000          72.6 1 1
      2   0.58      0 3707.9   72.6 0 0
      2   2.03      0 6150.3   72.6 0 0
      2   7.46      0 8440.5   72.6 0 0
      2  12.58      0 7077.4   72.6 0 0
      2  22.36      0 6588.5   72.6 0 0
      2  51.02      0 3948.3   72.6 0 0
      2  87.44      0 2252.3   72.6 0 0
      3      0 100000          59.2 1 1
      3   0.44      0   2161   59.2 0 0
      3   2.06      0 1612.8   59.2 0 0
      3   5.74      0 5524.9   59.2 0 0
      3     12      0 6866.2   59.2 0 0
      3  24.18      0 1886.5   59.2 0 0
      3  45.25      0 2844.4   59.2 0 0
      3  90.69      0 1245.1   59.2 0 0
      4      0 100000          96.3 1 1
      4   0.49      0 1050.3   96.3 0 0
      4   2.25      0  942.9   96.3 0 0
      4   5.15      0 1568.3   96.3 0 0
      4  12.73      0 2355.8   96.3 0 0
      4  24.81      0 1775.2   96.3 0 0
      4  53.38      0 1297.3   96.3 0 0
      4  93.12      0 1204.4   96.3 0 0
      5      0 100000          74.8 1 1
      5   0.52      0 2662.8   74.8 0 0
      5   2.05      0  11207   74.8 0 0
      5   5.68      0 4290.2   74.8 0 0
      5  13.54      0 1780.4   74.8 0 0
      5  26.95      0 3043.8   74.8 0 0
      5  51.48      0 720.24   74.8 0 0
      5 112.51      0 141.79   74.8 0 0
      6      0 100000          59.4 1 1
      6   0.53      0 3445.7   59.4 0 0
      6   1.76      0   7227   59.4 0 0
      6   5.67      0   2995   59.4 0 0
      6  10.62      0 3236.7   59.4 0 0
      6  22.89      0  10060   59.4 0 0
      6  45.11      0   2985   59.4 0 0
      6  96.41      0 760.65   59.4 0 0
      7      0 100000          77.2 1 1
      7   0.46      0 1460.3   77.2 0 0
      7   2.03      0 3321.1   77.2 0 0
      7   5.62      0 3155.7   77.2 0 0
      7  14.32      0 2483.4   77.2 0 0
      7  25.78      0 1661.2   77.2 0 0
      7  52.57      0 2639.6   77.2 0 0
      7  99.76      0 678.71   77.2 0 0
      8      0 100000          81.1 1 1
      8   0.59      0 2171.3   81.1 0 0
      8   1.88      0 2096.2   81.1 0 0
      8   5.73      0 1253.1   81.1 0 0
      8  13.85      0 2145.1   81.1 0 0
      8  22.49      0 2120.2   81.1 0 0
      8  47.01      0 883.57   81.1 0 0
      8   92.3      0 1313.6   81.1 0 0
      9      0 100000          78.5 1 1
      9   0.48      0 3566.5   78.5 0 0
      9   1.94      0  10761   78.5 0 0
      9    6.3      0   3594   78.5 0 0
      9  11.79      0 5052.4   78.5 0 0
      9  22.82      0 4286.4   78.5 0 0
      9   54.9      0 2413.8   78.5 0 0
      9  93.96      0 340.18   78.5 0 0
     10      0 100000          65.9 1 1
     10   0.49      0   4804   65.9 0 0
     10   1.98      0 4562.7   65.9 0 0
     10   6.44      0 4222.2   65.9 0 0
     10  11.91      0 5587.8   65.9 0 0
     10  23.91      0 4963.1   65.9 0 0
     10  44.84      0 2193.5   65.9 0 0
     10  92.94      0 1069.4   65.9 0 0
     11      0 100000          94.7 1 1
     11    0.5      0 1186.7   94.7 0 0
     11   1.89      0 1427.3   94.7 0 0
     11   6.33      0 1529.3   94.7 0 0
     11  10.31      0 2731.1   94.7 0 0
     11  24.75      0 2568.8   94.7 0 0
     11  41.16      0 3020.5   94.7 0 0
     11  93.15      0 290.16   94.7 0 0
     12      0 100000          75.7 1 1
     12   0.47      0 3922.4   75.7 0 0
     12   1.87      0 6125.5   75.7 0 0
     12   5.97      0 5697.9   75.7 0 0
     12   9.91      0 6825.9   75.7 0 0
     12     27      0 5829.3   75.7 0 0
     12  40.64      0 2450.6   75.7 0 0
     12  91.65      0  262.7   75.7 0 0
     13      0 100000          61.8 1 1
     13   0.45      0 2957.7   61.8 0 0
     13   1.86      0 2418.2   61.8 0 0
     13   7.39      0   2058   61.8 0 0
     13  12.02      0 8381.8   61.8 0 0
     13   21.1      0 1956.1   61.8 0 0
     13  40.74      0 2556.1   61.8 0 0
     13 100.42      0 1055.4   61.8 0 0
     14      0 100000            45 1 1
     14    0.5      0 2602.6     45 0 0
     14   1.94      0 3873.8     45 0 0
     14   5.47      0  13756     45 0 0
     14  10.34      0 3673.4     45 0 0
     14  21.55      0 4593.1     45 0 0
     14  53.05      0 3181.8     45 0 0
     14  90.22      0 1194.8     45 0 0
     15      0 100000          87.7 1 1
     15   0.44      0 7728.9   87.7 0 0
     15   2.41      0 8746.3   87.7 0 0
     15   6.26      0 8386.4   87.7 0 0
     15  11.72      0 3759.2   87.7 0 0
     15  26.68      0 4698.3   87.7 0 0
     15  52.45      0 2943.8   87.7 0 0
     15  90.24      0 6130.5   87.7 0 0
     16      0 100000          69.4 1 1
     16   0.62      0 4086.8   69.4 0 0
     16   1.95      0 5746.4   69.4 0 0
     16    5.2      0 3245.8   69.4 0 0
     16  11.83      0 2180.6   69.4 0 0
     16   24.5      0 2943.2   69.4 0 0
     16  60.46      0 1529.3   69.4 0 0
     16  97.02      0 327.51   69.4 0 0
     17      0 100000          69.8 1 1
     17   0.52      0 966.49   69.8 0 0
     17   1.98      0 3355.8   69.8 0 0
     17    5.8      0 3948.2   69.8 0 0
     17  11.96      0 7409.1   69.8 0 0
     17  25.97      0  12483   69.8 0 0
     17  59.07      0  949.7   69.8 0 0
     17 106.39      0 2000.6   69.8 0 0
     18      0 100000          84.5 1 1
     18   0.56      0 2546.5   84.5 0 0
     18   1.77      0 4613.8   84.5 0 0
     18   6.62      0 7164.9   84.5 0 0
     18  12.27      0 3897.1   84.5 0 0
     18  20.72      0 3284.6   84.5 0 0
     18  50.57      0 709.36   84.5 0 0
     18  94.49      0 1132.3   84.5 0 0
     19      0 100000          82.5 1 1
     19   0.58      0 453.26   82.5 0 0
     19   1.85      0 1814.3   82.5 0 0
     19   5.75      0 6145.7   82.5 0 0
     19  10.94      0 1260.5   82.5 0 0
     19  23.58      0 4951.8   82.5 0 0
     19  49.97      0 1689.1   82.5 0 0
     19  89.23      0   1475   82.5 0 0
     20      0 100000          78.8 1 1
     20   0.54      0 2942.5   78.8 0 0
     20   1.77      0 3828.1   78.8 0 0
     20    5.4      0 2540.8   78.8 0 0
     20  13.86      0   3053   78.8 0 0
     20  21.68      0 2145.4   78.8 0 0
     20  50.02      0   1362   78.8 0 0
     20  92.41      0 125.76   78.8 0 0
     21      0 100000          84.1 1 1
     21   0.52      0   3987   84.1 0 0
     21   2.37      0 8876.5   84.1 0 0
     21   7.03      0 3226.3   84.1 0 0
     21  11.61      0 2289.2   84.1 0 0
     21   19.1      0   1621   84.1 0 0
     21  61.62      0 474.44   84.1 0 0
     21 102.62      0 19.168   84.1 0 0
     22      0 100000          81.9 1 1
     22   0.53      0 1171.1   81.9 0 0
     22      2      0 3896.3   81.9 0 0
     22   6.31      0 2049.3   81.9 0 0
     22   11.8      0 1854.2   81.9 0 0
     22  25.03      0 1219.4   81.9 0 0
     22  46.12      0 989.39   81.9 0 0
     22  83.71      0 1215.3   81.9 0 0
     23      0 100000          71.1 1 1
     23   0.55      0 2498.2   71.1 0 0
     23   2.33      0 3159.7   71.1 0 0
     23   5.82      0 1894.8   71.1 0 0
     23  10.59      0 1971.1   71.1 0 0
     23  25.59      0 4048.1   71.1 0 0
     23  47.79      0 1759.3   71.1 0 0
     23  80.72      0 806.01   71.1 0 0
     24      0 100000            47 1 1
     24    0.5      0 821.29     47 0 0
     24   1.88      0 4700.6     47 0 0
     24    5.8      0 2974.4     47 0 0
     24  10.69      0   6632     47 0 0
     24  28.74      0 3768.8     47 0 0
     24  46.44      0 4134.7     47 0 0
     24  81.76      0 1639.5     47 0 0
     25      0 100000          79.2 1 1
     25   0.51      0 1103.6   79.2 0 0
     25   2.05      0 2007.3   79.2 0 0
     25   5.44      0 1637.3   79.2 0 0
     25   8.99      0 4174.8   79.2 0 0
     25  22.51      0 1502.5   79.2 0 0
     25  50.82      0 716.77   79.2 0 0
     25  95.43      0 279.62   79.2 0 0
     26      0 100000          69.2 1 1
     26    0.5      0 1222.7   69.2 0 0
     26   2.12      0 1415.1   69.2 0 0
     26   5.33      0 1077.2   69.2 0 0
     26  13.39      0 1268.1   69.2 0 0
     26  23.99      0 1091.6   69.2 0 0
     26  51.52      0 3113.2   69.2 0 0
     26 106.46      0 305.65   69.2 0 0
     27      0 100000          67.9 1 1
     27   0.51      0 3201.1   67.9 0 0
     27   1.83      0 4945.2   67.9 0 0
     27   6.74      0 7942.1   67.9 0 0
     27   9.82      0 3958.3   67.9 0 0
     27  22.73      0 5183.3   67.9 0 0
     27  46.79      0   2156   67.9 0 0
     27  94.42      0 602.35   67.9 0 0
     28      0 100000          52.2 1 1
     28   0.55      0 3816.3   52.2 0 0
     28   2.03      0 2070.6   52.2 0 0
     28   6.25      0 3398.6   52.2 0 0
     28  11.92      0 1566.7   52.2 0 0
     28  23.41      0 2616.7   52.2 0 0
     28  51.46      0   4015   52.2 0 0
     28 107.66      0   2283   52.2 0 0
     29      0 100000          63.6 1 1
     29   0.39      0 4602.6   63.6 0 0
     29   2.12      0 1469.8   63.6 0 0
     29   6.23      0  10135   63.6 0 0
     29   11.5      0  17437   63.6 0 0
     29  26.39      0 3618.7   63.6 0 0
     29  46.17      0 4988.3   63.6 0 0
     29  93.31      0 1984.7   63.6 0 0
     30      0 100000          76.1 1 1
     30   0.54      0 3036.4   76.1 0 0
     30   2.38      0 2737.4   76.1 0 0
     30   6.16      0 1987.7   76.1 0 0
     30   11.5      0 1594.8   76.1 0 0
     30  21.31      0 866.88   76.1 0 0
     30  46.44      0 2164.3   76.1 0 0
     30  87.39      0 1030.7   76.1 0 0
     31      0 100000          91.9 1 1
     31   0.49      0 5504.5   91.9 0 0
     31   2.08      0 2894.3   91.9 0 0
     31   5.51      0 1299.7   91.9 0 0
     31  15.64      0 9052.7   91.9 0 0
     31  24.38      0 7960.8   91.9 0 0
     31  53.74      0 3255.4   91.9 0 0
     31  76.36      0 2936.8   91.9 0 0
     32      0 100000          68.6 1 1
     32   0.54      0 1074.6   68.6 0 0
     32   1.75      0 1557.3   68.6 0 0
     32   6.58      0 2316.8   68.6 0 0
     32  12.49      0 4827.3   68.6 0 0
     32  23.04      0 2462.6   68.6 0 0
     32   54.8      0 1151.1   68.6 0 0
     32   89.5      0 375.71   68.6 0 0
     33      0 100000          75.6 1 1
     33   0.47      0 3916.8   75.6 0 0
     33   1.81      0 4554.3   75.6 0 0
     33   5.61      0 3891.8   75.6 0 0
     33  13.19      0 2510.8   75.6 0 0
     33  25.06      0 7313.5   75.6 0 0
     33  53.08      0 6483.4   75.6 0 0
     33  92.33      0 4438.1   75.6 0 0
     34      0 100000          69.3 1 1
     34   0.52      0 1405.7   69.3 0 0
     34   2.05      0   1506   69.3 0 0
     34    5.2      0 2439.5   69.3 0 0
     34  14.34      0 4635.7   69.3 0 0
     34  24.32      0 1957.5   69.3 0 0
     34  51.82      0 1496.4   69.3 0 0
     34 105.62      0 1018.2   69.3 0 0
     35      0 100000          53.1 1 1
     35    0.5      0 1740.2   53.1 0 0
     35   1.94      0 6768.2   53.1 0 0
     35   6.56      0 5740.3   53.1 0 0
     35  10.81      0 8921.3   53.1 0 0
     35  29.23      0 1660.5   53.1 0 0
     35  46.19      0 2568.4   53.1 0 0
     35 113.27      0 401.56   53.1 0 0
     36      0 100000          64.4 1 1
     36   0.58      0 2528.3   64.4 0 0
     36   2.02      0 3468.4   64.4 0 0
     36   6.35      0 3162.9   64.4 0 0
     36  10.83      0 2387.5   64.4 0 0
     36  24.79      0 1887.1   64.4 0 0
     36  53.28      0 1157.9   64.4 0 0
     36  96.96      0 366.61   64.4 0 0
     37      0 100000          64.7 1 1
     37   0.48      0   2945   64.7 0 0
     37   1.87      0 4809.5   64.7 0 0
     37   5.98      0 7542.9   64.7 0 0
     37  13.35      0  14189   64.7 0 0
     37  22.87      0 2032.2   64.7 0 0
     37  47.42      0   4290   64.7 0 0
     37  84.35      0   1015   64.7 0 0
     38      0 100000          69.2 1 1
     38   0.53      0 2409.9   69.2 0 0
     38   2.28      0 3864.9   69.2 0 0
     38   6.97      0 3794.2   69.2 0 0
     38  13.02      0 2957.1   69.2 0 0
     38  19.91      0  11641   69.2 0 0
     38  50.37      0 5643.3   69.2 0 0
     38 100.48      0 731.96   69.2 0 0
     39      0 100000          87.2 1 1
     39   0.48      0 1580.5   87.2 0 0
     39   2.03      0 1625.2   87.2 0 0
     39    5.5      0 2456.9   87.2 0 0
     39  12.84      0 2351.7   87.2 0 0
     39  23.23      0 2253.8   87.2 0 0
     39  41.03      0 1831.4   87.2 0 0
     39  92.54      0 303.17   87.2 0 0
     40      0 100000          81.5 1 1
     40   0.57      0 2451.5   81.5 0 0
     40   1.93      0 5158.4   81.5 0 0
     40   6.46      0 4731.4   81.5 0 0
     40  13.19      0 4253.3   81.5 0 0
     40  24.01      0 841.52   81.5 0 0
     40  46.34      0 714.11   81.5 0 0
     40  91.05      0 3.4258   81.5 0 0
     41      0 100000          67.7 1 1
     41   0.54      0 1262.4   67.7 0 0
     41    1.8      0 2223.6   67.7 0 0
     41   6.15      0 5021.4   67.7 0 0
     41  11.66      0 2827.6   67.7 0 0
     41  19.14      0 1570.1   67.7 0 0
     41  41.69      0 3713.7   67.7 0 0
     41 105.21      0   1054   67.7 0 0
     42      0 100000          66.5 1 1
     42   0.49      0 1312.7   66.5 0 0
     42   2.17      0 1734.2   66.5 0 0
     42   7.25      0 3336.1   66.5 0 0
     42  13.91      0  14813   66.5 0 0
     42  25.68      0 4712.8   66.5 0 0
     42  49.86      0 1540.9   66.5 0 0
     42  94.17      0 1331.8   66.5 0 0
     43      0 100000          80.5 1 1
     43   0.59      0 2756.8   80.5 0 0
     43   2.12      0 2655.2   80.5 0 0
     43   5.34      0 3854.7   80.5 0 0
     43  11.81      0 3415.5   80.5 0 0
     43  19.81      0 4072.9   80.5 0 0
     43  47.07      0 2809.8   80.5 0 0
     43  74.08      0 1409.2   80.5 0 0
     44      0 100000          78.2 1 1
     44   0.57      0 1482.4   78.2 0 0
     44   1.88      0   1697   78.2 0 0
     44   5.75      0 5022.1   78.2 0 0
     44   11.8      0 1261.8   78.2 0 0
     44  25.52      0 3321.6   78.2 0 0
     44  51.37      0 992.51   78.2 0 0
     44 101.61      0 453.63   78.2 0 0
     45      0 100000            61 1 1
     45   0.47      0 2925.1     61 0 0
     45   1.75      0   4276     61 0 0
     45   5.77      0 3295.1     61 0 0
     45  12.34      0 3748.6     61 0 0
     45   22.1      0 1717.4     61 0 0
     45  47.67      0 1082.4     61 0 0
     45  85.42      0 526.98     61 0 0
     46      0 100000          60.8 1 1
     46    0.5      0 919.89   60.8 0 0
     46   2.03      0 6288.6   60.8 0 0
     46   5.91      0 5240.9   60.8 0 0
     46   11.8      0 7016.4   60.8 0 0
     46  28.63      0 1653.4   60.8 0 0
     46   51.8      0 1698.1   60.8 0 0
     46 107.29      0 754.24   60.8 0 0
     47      0 100000          75.3 1 1
     47   0.46      0 2713.9   75.3 0 0
     47   2.03      0 1435.7   75.3 0 0
     47   6.73      0   4794   75.3 0 0
     47  11.93      0 2911.5   75.3 0 0
     47   19.4      0 1462.5   75.3 0 0
     47  49.68      0 1343.8   75.3 0 0
     47  79.35      0 2204.7   75.3 0 0
     48      0 100000          81.6 1 1
     48   0.46      0 1262.5   81.6 0 0
     48   2.28      0 4703.9   81.6 0 0
     48   6.38      0   2656   81.6 0 0
     48  13.38      0 2324.7   81.6 0 0
     48  24.75      0 3510.2   81.6 0 0
     48  47.47      0 1045.4   81.6 0 0
     48  87.52      0 338.69   81.6 0 0
     49      0 100000          68.4 1 1
     49   0.59      0 3211.2   68.4 0 0
     49   2.01      0 6238.3   68.4 0 0
     49   5.59      0 3075.4   68.4 0 0
     49  13.08      0 1584.5   68.4 0 0
     49  26.72      0 2371.4   68.4 0 0
     49  58.02      0 855.41   68.4 0 0
     49  90.38      0 337.14   68.4 0 0
     50      0 100000          83.5 1 1
     50   0.48      0 1104.7   83.5 0 0
     50   1.92      0 5247.9   83.5 0 0
     50   5.78      0 3389.3   83.5 0 0
     50  11.57      0 4274.5   83.5 0 0
     50   23.3      0 3683.1   83.5 0 0
     50  55.44      0 1550.9   83.5 0 0
     50  89.53      0   1133   83.5 0 0
     51      0 100000          75.8 1 1
     51   0.48      0 4524.7   75.8 0 0
     51   2.13      0 5921.4   75.8 0 0
     51   6.71      0  14571   75.8 0 0
     51  11.11      0  16418   75.8 0 0
     51  22.81      0  10039   75.8 0 0
     51  50.58      0 5117.1   75.8 0 0
     51 106.28      0 2026.5   75.8 0 0
     52      0 100000          61.9 1 1
     52   0.49      0 6034.1   61.9 0 0
     52   1.73      0 2867.1   61.9 0 0
     52   7.12      0 7682.6   61.9 0 0
     52  13.85      0 5277.8   61.9 0 0
     52  22.35      0 2771.5   61.9 0 0
     52  47.69      0 2225.8   61.9 0 0
     52  80.51      0 2528.3   61.9 0 0
     53      0 100000          74.9 1 1
     53   0.53      0 1186.4   74.9 0 0
     53   2.35      0 1715.3   74.9 0 0
     53   5.09      0 4128.3   74.9 0 0
     53   11.1      0 3899.2   74.9 0 0
     53  22.51      0 3665.7   74.9 0 0
     53  44.84      0 2214.4   74.9 0 0
     53  78.34      0 2345.9   74.9 0 0
     54      0 100000          55.8 1 1
     54   0.53      0 6606.2   55.8 0 0
     54   1.72      0 7297.2   55.8 0 0
     54   5.99      0 2907.6   55.8 0 0
     54  12.73      0  11794   55.8 0 0
     54  23.53      0 5119.4   55.8 0 0
     54  52.48      0  10456   55.8 0 0
     54  95.75      0 5402.8   55.8 0 0
     55      0 100000          93.2 1 1
     55   0.47      0 1696.5   93.2 0 0
     55   2.13      0 5872.1   93.2 0 0
     55   5.75      0 5233.5   93.2 0 0
     55  14.33      0 3398.1   93.2 0 0
     55  23.96      0 1495.3   93.2 0 0
     55  52.27      0 2077.3   93.2 0 0
     55  97.99      0 670.64   93.2 0 0
     56      0 100000           104 1 1
     56   0.37      0 287.56    104 0 0
     56   1.74      0 4371.7    104 0 0
     56   5.75      0 4272.2    104 0 0
     56  12.29      0 1372.2    104 0 0
     56  18.99      0 699.99    104 0 0
     56  52.85      0 782.45    104 0 0
     56  90.37      0 861.07    104 0 0
     57      0 100000            65 1 1
     57   0.46      0 2483.4     65 0 0
     57   1.71      0 2644.2     65 0 0
     57   5.19      0 5401.8     65 0 0
     57  12.07      0 3359.8     65 0 0
     57  25.25      0 4126.5     65 0 0
     57  38.92      0   1699     65 0 0
     57  86.83      0 8.4508     65 0 0
     58      0 100000          56.8 1 1
     58   0.53      0 2423.7   56.8 0 0
     58   1.91      0 6282.5   56.8 0 0
     58   7.45      0   5960   56.8 0 0
     58  13.59      0  14270   56.8 0 0
     58  25.47      0 4409.3   56.8 0 0
     58  48.02      0 3053.9   56.8 0 0
     58  98.72      0 2354.1   56.8 0 0
     59      0 100000          78.4 1 1
     59   0.47      0 6583.5   78.4 0 0
     59   2.13      0 3492.6   78.4 0 0
     59   6.96      0 4849.5   78.4 0 0
     59  13.37      0 3256.1   78.4 0 0
     59  22.13      0 6399.4   78.4 0 0
     59  40.83      0 3885.3   78.4 0 0
     59  94.95      0 3340.3   78.4 0 0
     60      0 100000          68.1 1 1
     60   0.52      0 865.53   68.1 0 0
     60   2.29      0 5291.2   68.1 0 0
     60   5.26      0 2290.1   68.1 0 0
     60  12.45      0 4694.7   68.1 0 0
     60  24.57      0 3322.3   68.1 0 0
     60  54.09      0 1962.1   68.1 0 0
     60  95.73      0 191.57   68.1 0 0
