Scenario,ID,Eta,ETA_VAL,ETA_SE,OMEGA_SD,ETA_SE/OMEGA_SD,SHRINK_SUB_VAR,SHRINK_SUB_SD
WorkFlow,1,nVmax,0.192241,0.048111,0.331181,0.145273,0.021104,0.010608
WorkFlow,2,nVmax,-0.124522,0.204864,0.331181,0.618588,0.382651,0.214284
WorkFlow,3,nVmax,-0.012441,0.173500,0.331181,0.523883,0.274453,0.148210
WorkFlow,4,nVmax,0.027320,0.071731,0.331181,0.216591,0.046911,0.023737
WorkFlow,5,nVmax,-0.056667,0.106863,0.331181,0.322673,0.104118,0.053490
WorkFlow,6,nVmax,0.274936,0.079802,0.331181,0.240962,0.058063,0.029466
WorkFlow,7,nVmax,0.314725,0.094151,0.331181,0.284289,0.080820,0.041261
WorkFlow,8,nVmax,0.079282,0.104427,0.331181,0.315317,0.099425,0.051013
WorkFlow,9,nVmax,-0.062882,0.169109,0.331181,0.510624,0.260737,0.140196
WorkFlow,10,nVmax,0.046013,0.101747,0.331181,0.307226,0.094388,0.048363
WorkFlow,11,nVmax,-0.218674,0.209024,0.331181,0.631148,0.398348,0.224338
WorkFlow,12,nVmax,-0.170842,0.248535,0.331181,0.750451,0.563176,0.339074
WorkFlow,13,nVmax,0.008233,0.130915,0.331181,0.395298,0.156261,0.081447
WorkFlow,14,nVmax,0.101055,0.168937,0.331181,0.510106,0.260208,0.139889
WorkFlow,15,nVmax,-0.220655,0.211985,0.331181,0.640088,0.409712,0.231698
WorkFlow,16,nVmax,0.084664,0.110388,0.331181,0.333317,0.111100,0.057185
WorkFlow,17,nVmax,-0.358230,0.237236,0.331181,0.716333,0.513133,0.302242
WorkFlow,18,nVmax,-0.112932,0.148199,0.331181,0.447487,0.200245,0.105710
WorkFlow,19,nVmax,0.190142,0.088999,0.331181,0.268733,0.072218,0.036785
WorkFlow,20,nVmax,-0.543805,0.273409,0.331181,0.825558,0.681547,0.435683
WorkFlow,21,nVmax,0.111572,0.118034,0.331181,0.356404,0.127023,0.065668
WorkFlow,22,nVmax,-0.184957,0.209079,0.331181,0.631314,0.398557,0.224472
WorkFlow,23,nVmax,0.113936,0.151490,0.331181,0.457425,0.209237,0.110752
WorkFlow,24,nVmax,-0.188571,0.223787,0.331181,0.675724,0.456603,0.262845
WorkFlow,25,nVmax,0.224418,0.091356,0.331181,0.275851,0.076094,0.038799
WorkFlow,26,nVmax,0.386087,0.087156,0.331181,0.263169,0.069258,0.035250
WorkFlow,27,nVmax,0.256943,0.061113,0.331181,0.184531,0.034052,0.017173
WorkFlow,28,nVmax,-0.565373,0.244735,0.331181,0.738976,0.546086,0.326269
WorkFlow,29,nVmax,0.356390,0.092925,0.331181,0.280588,0.078729,0.040172
WorkFlow,30,nVmax,0.619715,0.078285,0.331181,0.236380,0.055876,0.028339
WorkFlow,31,nVmax,-0.598468,0.293333,0.331181,0.885720,0.784500,0.535780
WorkFlow,32,nVmax,-0.023518,0.199609,0.331181,0.602720,0.363272,0.202048
WorkFlow,33,nVmax,0.346258,0.093707,0.331181,0.282948,0.080060,0.040865
WorkFlow,34,nVmax,0.033148,0.084245,0.331181,0.254379,0.064709,0.032895
WorkFlow,35,nVmax,-0.104782,0.146608,0.331181,0.442682,0.195968,0.103322
WorkFlow,36,nVmax,0.499181,0.091750,0.331181,0.277040,0.076751,0.039142
WorkFlow,37,nVmax,-0.306340,0.252477,0.331181,0.762354,0.581183,0.352840
WorkFlow,38,nVmax,0.406579,0.098354,0.331181,0.296980,0.088197,0.045116
WorkFlow,39,nVmax,0.460832,0.078257,0.331181,0.236298,0.055837,0.028319
WorkFlow,40,nVmax,0.415377,0.064992,0.331181,0.196245,0.038512,0.019445
WorkFlow,41,nVmax,0.175994,0.061233,0.331181,0.184894,0.034186,0.017242
WorkFlow,42,nVmax,0.390579,0.089227,0.331181,0.269421,0.072588,0.036977
WorkFlow,43,nVmax,0.274940,0.127036,0.331181,0.383586,0.147138,0.076495
WorkFlow,44,nVmax,-0.702818,0.289994,0.331181,0.875638,0.766742,0.517032
WorkFlow,45,nVmax,-0.107089,0.226006,0.331181,0.682425,0.465704,0.269045
WorkFlow,46,nVmax,-0.132365,0.164803,0.331181,0.497623,0.247628,0.132606
WorkFlow,47,nVmax,-0.474269,0.276222,0.331181,0.834053,0.695644,0.448316
WorkFlow,48,nVmax,0.086589,0.163513,0.331181,0.493727,0.243766,0.130383
WorkFlow,49,nVmax,0.146878,0.101848,0.331181,0.307530,0.094575,0.048462
WorkFlow,50,nVmax,-0.044538,0.210635,0.331181,0.636014,0.404514,0.228322
WorkFlow,51,nVmax,-0.216756,0.217033,0.331181,0.655332,0.429460,0.244659
WorkFlow,52,nVmax,0.219830,0.084179,0.331181,0.254178,0.064606,0.032843
WorkFlow,53,nVmax,-0.087519,0.204270,0.331181,0.616795,0.380436,0.212876
WorkFlow,54,nVmax,0.426435,0.082525,0.331181,0.249184,0.062093,0.031544
WorkFlow,55,nVmax,-0.121282,0.218828,0.331181,0.660752,0.436593,0.249395
WorkFlow,56,nVmax,0.112993,0.130605,0.331181,0.394363,0.155522,0.081045
WorkFlow,57,nVmax,-0.126275,0.174595,0.331181,0.527190,0.277930,0.150253
WorkFlow,58,nVmax,-0.028784,0.097552,0.331181,0.294559,0.086765,0.044367
WorkFlow,59,nVmax,0.101558,0.129041,0.331181,0.389638,0.151818,0.079032
WorkFlow,60,nVmax,-0.078729,0.143617,0.331181,0.433650,0.188053,0.098919
WorkFlow,1,nV,-0.965283,0.186813,0.385544,0.484546,0.234784,0.125234
WorkFlow,2,nV,0.046675,0.198283,0.385544,0.514294,0.264498,0.142386
WorkFlow,3,nV,0.156897,0.197302,0.385544,0.511751,0.261889,0.140866
WorkFlow,4,nV,-0.641359,0.190568,0.385544,0.494285,0.244318,0.130700
WorkFlow,5,nV,-0.008778,0.191779,0.385544,0.497426,0.247432,0.132493
WorkFlow,6,nV,-0.035066,0.184987,0.385544,0.479807,0.230215,0.122626
WorkFlow,7,nV,0.285770,0.188578,0.385544,0.489123,0.239241,0.127785
WorkFlow,8,nV,-0.171224,0.192917,0.385544,0.500377,0.250377,0.134193
WorkFlow,9,nV,0.096879,0.198354,0.385544,0.514478,0.264688,0.142497
WorkFlow,10,nV,-0.269512,0.192345,0.385544,0.498892,0.248893,0.133336
WorkFlow,11,nV,-0.044043,0.194963,0.385544,0.505683,0.255715,0.137280
WorkFlow,12,nV,0.524835,0.195685,0.385544,0.507556,0.257613,0.138381
WorkFlow,13,nV,0.088526,0.193089,0.385544,0.500822,0.250823,0.134450
WorkFlow,14,nV,0.408212,0.199347,0.385544,0.517054,0.267345,0.144047
WorkFlow,15,nV,-0.092469,0.197547,0.385544,0.512386,0.262539,0.141245
WorkFlow,16,nV,0.041630,0.195836,0.385544,0.507947,0.258010,0.138612
WorkFlow,17,nV,0.311797,0.196270,0.385544,0.509073,0.259156,0.139277
WorkFlow,18,nV,-0.253747,0.195772,0.385544,0.507783,0.257843,0.138515
WorkFlow,19,nV,-0.143974,0.191422,0.385544,0.496499,0.246511,0.131963
WorkFlow,20,nV,-0.242556,0.190298,0.385544,0.493583,0.243624,0.130301
WorkFlow,21,nV,0.276745,0.195502,0.385544,0.507081,0.257131,0.138102
WorkFlow,22,nV,-0.303658,0.196578,0.385544,0.509872,0.259970,0.139750
WorkFlow,23,nV,0.008308,0.199076,0.385544,0.516351,0.266618,0.143623
WorkFlow,24,nV,-0.197050,0.197022,0.385544,0.511025,0.261146,0.140434
WorkFlow,25,nV,0.060829,0.189825,0.385544,0.492356,0.242414,0.129606
WorkFlow,26,nV,0.242357,0.180734,0.385544,0.468778,0.219753,0.116684
WorkFlow,27,nV,-0.535476,0.179011,0.385544,0.464307,0.215581,0.114326
WorkFlow,28,nV,-0.318323,0.191744,0.385544,0.497335,0.247342,0.132441
WorkFlow,29,nV,0.231082,0.188114,0.385544,0.487920,0.238066,0.127112
WorkFlow,30,nV,-0.062351,0.169852,0.385544,0.440553,0.194087,0.102273
WorkFlow,31,nV,-0.680395,0.188119,0.385544,0.487932,0.238077,0.127118
WorkFlow,32,nV,0.366179,0.200277,0.385544,0.519467,0.269845,0.145509
WorkFlow,33,nV,0.236505,0.190556,0.385544,0.494252,0.244285,0.130681
WorkFlow,34,nV,-0.186861,0.189220,0.385544,0.490787,0.240871,0.128720
WorkFlow,35,nV,0.239044,0.194383,0.385544,0.504179,0.254196,0.136401
WorkFlow,36,nV,0.395195,0.184632,0.385544,0.478888,0.229334,0.122124
WorkFlow,37,nV,-0.078198,0.194282,0.385544,0.503918,0.253933,0.136248
WorkFlow,38,nV,0.439315,0.187095,0.385544,0.485275,0.235492,0.125638
WorkFlow,39,nV,-0.041594,0.177531,0.385544,0.460469,0.212031,0.112324
WorkFlow,40,nV,-0.678883,0.166125,0.385544,0.430885,0.185662,0.097593
WorkFlow,41,nV,-0.741025,0.177157,0.385544,0.459501,0.211141,0.111823
WorkFlow,42,nV,0.236499,0.186814,0.385544,0.484548,0.234786,0.125235
WorkFlow,43,nV,0.003747,0.198424,0.385544,0.514660,0.264875,0.142606
WorkFlow,44,nV,-0.000079,0.188255,0.385544,0.488285,0.238423,0.127316
WorkFlow,45,nV,0.262466,0.197657,0.385544,0.512672,0.262832,0.141415
WorkFlow,46,nV,0.205825,0.196618,0.385544,0.509977,0.260076,0.139812
WorkFlow,47,nV,-0.552587,0.189995,0.385544,0.492799,0.242851,0.129857
WorkFlow,48,nV,0.243287,0.198872,0.385544,0.515823,0.266073,0.143305
WorkFlow,49,nV,-0.054388,0.195898,0.385544,0.508108,0.258174,0.138706
WorkFlow,50,nV,0.424371,0.200099,0.385544,0.519005,0.269366,0.145229
WorkFlow,51,nV,0.440196,0.196434,0.385544,0.509498,0.259588,0.139528
WorkFlow,52,nV,-0.359232,0.192409,0.385544,0.499059,0.249060,0.133432
WorkFlow,53,nV,-0.230493,0.197223,0.385544,0.511546,0.261680,0.140744
WorkFlow,54,nV,0.144763,0.182300,0.385544,0.472838,0.223576,0.118851
WorkFlow,55,nV,0.507313,0.198604,0.385544,0.515128,0.265357,0.142887
WorkFlow,56,nV,0.113503,0.196581,0.385544,0.509881,0.259979,0.139755
WorkFlow,57,nV,-0.355675,0.195190,0.385544,0.506273,0.256313,0.137627
WorkFlow,58,nV,-0.350955,0.192130,0.385544,0.498336,0.248339,0.133016
WorkFlow,59,nV,0.160061,0.193726,0.385544,0.502475,0.252481,0.135408
WorkFlow,60,nV,-0.136903,0.196787,0.385544,0.510415,0.260524,0.140072
