      1      0 100000          61.8 1 1
      1   0.64      0 2675.9   61.8 0 0
      1   1.99      0  18307   61.8 0 0
      1   6.43      0 9615.5   61.8 0 0
      1  12.03      0  18000   61.8 0 0
      1  22.28      0  10842   61.8 0 0
      1  48.91      0 5680.5   61.8 0 0
      1  80.15      0 1102.1   61.8 0 0
      2      0 100000          72.6 1 1
      2   0.58      0 5107.2   72.6 0 0
      2   2.03      0 2200.1   72.6 0 0
      2   7.46      0 2473.1   72.6 0 0
      2  12.58      0 3264.4   72.6 0 0
      2  22.36      0 2761.8   72.6 0 0
      2  51.02      0 2480.6   72.6 0 0
      2  87.44      0 1854.2   72.6 0 0
      3      0 100000          59.2 1 1
      3   0.44      0 3961.4   59.2 0 0
      3   2.06      0 2346.3   59.2 0 0
      3   5.74      0   2564   59.2 0 0
      3     12      0   1793   59.2 0 0
      3  24.18      0   1957   59.2 0 0
      3  45.25      0 2343.8   59.2 0 0
      3  90.69      0 1281.6   59.2 0 0
      4      0 100000          96.3 1 1
      4   0.49      0  10188   96.3 0 0
      4   2.25      0 9513.5   96.3 0 0
      4   5.15      0 7460.8   96.3 0 0
      4  12.73      0   3556   96.3 0 0
      4  24.81      0 4891.6   96.3 0 0
      4  53.38      0 4818.1   96.3 0 0
      4  93.12      0 1356.1   96.3 0 0
      5      0 100000          74.8 1 1
      5   0.52      0   1090   74.8 0 0
      5   2.05      0 4026.3   74.8 0 0
      5   5.68      0 8009.7   74.8 0 0
      5  13.54      0 1243.6   74.8 0 0
      5  26.95      0 2049.6   74.8 0 0
      5  51.48      0 3734.7   74.8 0 0
      5 112.51      0 820.34   74.8 0 0
      6      0 100000          59.4 1 1
      6   0.53      0 3971.8   59.4 0 0
      6   1.76      0 2464.9   59.4 0 0
      6   5.67      0 6625.8   59.4 0 0
      6  10.62      0 3806.2   59.4 0 0
      6  22.89      0 4327.2   59.4 0 0
      6  45.11      0 1207.3   59.4 0 0
      6  96.41      0 400.76   59.4 0 0
      7      0 100000          77.2 1 1
      7   0.46      0 1481.7   77.2 0 0
      7   2.03      0 1075.4   77.2 0 0
      7   5.62      0 3668.1   77.2 0 0
      7  14.32      0   2366   77.2 0 0
      7  25.78      0 4022.6   77.2 0 0
      7  52.57      0 411.87   77.2 0 0
      7  99.76      0 247.05   77.2 0 0
      8      0 100000          81.1 1 1
      8   0.59      0 3674.1   81.1 0 0
      8   1.88      0 5400.5   81.1 0 0
      8   5.73      0 6096.3   81.1 0 0
      8  13.85      0 6713.1   81.1 0 0
      8  22.49      0 5439.3   81.1 0 0
      8  47.01      0 2710.5   81.1 0 0
      8   92.3      0 825.97   81.1 0 0
      9      0 100000          78.5 1 1
      9   0.48      0 1078.6   78.5 0 0
      9   1.94      0 4840.2   78.5 0 0
      9    6.3      0 2581.3   78.5 0 0
      9  11.79      0 3022.2   78.5 0 0
      9  22.82      0 5655.2   78.5 0 0
      9   54.9      0 2875.7   78.5 0 0
      9  93.96      0   1445   78.5 0 0
     10      0 100000          65.9 1 1
     10   0.49      0   6745   65.9 0 0
     10   1.98      0 4456.5   65.9 0 0
     10   6.44      0 5485.9   65.9 0 0
     10  11.91      0 2011.4   65.9 0 0
     10  23.91      0 3137.3   65.9 0 0
     10  44.84      0 3887.7   65.9 0 0
     10  92.94      0 1047.3   65.9 0 0
     11      0 100000          94.7 1 1
     11    0.5      0 2777.1   94.7 0 0
     11   1.89      0 2773.5   94.7 0 0
     11   6.33      0 4045.1   94.7 0 0
     11  10.31      0 1445.6   94.7 0 0
     11  24.75      0 4315.7   94.7 0 0
     11  41.16      0 6611.7   94.7 0 0
     11  93.15      0 1816.5   94.7 0 0
     12      0 100000          75.7 1 1
     12   0.47      0 1690.7   75.7 0 0
     12   1.87      0 933.07   75.7 0 0
     12   5.97      0 1434.1   75.7 0 0
     12   9.91      0 3792.9   75.7 0 0
     12     27      0 1034.8   75.7 0 0
     12  40.64      0 1883.9   75.7 0 0
     12  91.65      0 1691.7   75.7 0 0
     13      0 100000          61.8 1 1
     13   0.45      0 2578.1   61.8 0 0
     13   1.86      0 5125.3   61.8 0 0
     13   7.39      0 3002.3   61.8 0 0
     13  12.02      0 2222.1   61.8 0 0
     13   21.1      0 2563.5   61.8 0 0
     13  40.74      0 4403.3   61.8 0 0
     13 100.42      0 817.66   61.8 0 0
     14      0 100000            45 1 1
     14    0.5      0 1857.4     45 0 0
     14   1.94      0 3352.5     45 0 0
     14   5.47      0 989.03     45 0 0
     14  10.34      0   4233     45 0 0
     14  21.55      0 1705.2     45 0 0
     14  53.05      0  768.6     45 0 0
     14  90.22      0 1246.7     45 0 0
     15      0 100000          87.7 1 1
     15   0.44      0 4992.3   87.7 0 0
     15   2.41      0 2594.7   87.7 0 0
     15   6.26      0 3759.5   87.7 0 0
     15  11.72      0 3987.5   87.7 0 0
     15  26.68      0   3109   87.7 0 0
     15  52.45      0 3499.6   87.7 0 0
     15  90.24      0 2610.6   87.7 0 0
     16      0 100000          69.4 1 1
     16   0.62      0 5488.1   69.4 0 0
     16   1.95      0 3676.1   69.4 0 0
     16    5.2      0 2369.3   69.4 0 0
     16  11.83      0 2178.6   69.4 0 0
     16   24.5      0 2284.1   69.4 0 0
     16  60.46      0 1639.2   69.4 0 0
     16  97.02      0 916.25   69.4 0 0
     17      0 100000          69.8 1 1
     17   0.52      0 3088.5   69.8 0 0
     17   1.98      0 2723.9   69.8 0 0
     17    5.8      0 2056.8   69.8 0 0
     17  11.96      0 3058.1   69.8 0 0
     17  25.97      0 2320.1   69.8 0 0
     17  59.07      0 769.79   69.8 0 0
     17 106.39      0 2238.4   69.8 0 0
     18      0 100000          84.5 1 1
     18   0.56      0   3865   84.5 0 0
     18   1.77      0 6291.3   84.5 0 0
     18   6.62      0 1672.6   84.5 0 0
     18  12.27      0 8264.8   84.5 0 0
     18  20.72      0 6032.7   84.5 0 0
     18  50.57      0 4404.5   84.5 0 0
     18  94.49      0 1835.6   84.5 0 0
     19      0 100000          82.5 1 1
     19   0.58      0 3183.9   82.5 0 0
     19   1.85      0 5707.5   82.5 0 0
     19   5.75      0 8817.5   82.5 0 0
     19  10.94      0   4786   82.5 0 0
     19  23.58      0 3737.2   82.5 0 0
     19  49.97      0 771.99   82.5 0 0
     19  89.23      0 976.39   82.5 0 0
     20      0 100000          78.8 1 1
     20   0.54      0   2690   78.8 0 0
     20   1.77      0 4541.5   78.8 0 0
     20    5.4      0 8806.1   78.8 0 0
     20  13.86      0 6763.8   78.8 0 0
     20  21.68      0   3840   78.8 0 0
     20  50.02      0   4173   78.8 0 0
     20  92.41      0 5544.4   78.8 0 0
     21      0 100000          84.1 1 1
     21   0.52      0 1225.8   84.1 0 0
     21   2.37      0 4894.5   84.1 0 0
     21   7.03      0 4093.2   84.1 0 0
     21  11.61      0 2472.1   84.1 0 0
     21   19.1      0 3128.7   84.1 0 0
     21  61.62      0 1452.3   84.1 0 0
     21 102.62      0 858.79   84.1 0 0
     22      0 100000          81.9 1 1
     22   0.53      0 2841.6   81.9 0 0
     22      2      0 7396.8   81.9 0 0
     22   6.31      0 2031.3   81.9 0 0
     22   11.8      0 3754.9   81.9 0 0
     22  25.03      0 9778.5   81.9 0 0
     22  46.12      0 4401.2   81.9 0 0
     22  83.71      0 2626.7   81.9 0 0
     23      0 100000          71.1 1 1
     23   0.55      0 3989.5   71.1 0 0
     23   2.33      0 2554.5   71.1 0 0
     23   5.82      0 3280.2   71.1 0 0
     23  10.59      0 6509.8   71.1 0 0
     23  25.59      0 2922.2   71.1 0 0
     23  47.79      0 2268.6   71.1 0 0
     23  80.72      0 1178.8   71.1 0 0
     24      0 100000            47 1 1
     24    0.5      0 1101.4     47 0 0
     24   1.88      0   2906     47 0 0
     24    5.8      0 1904.7     47 0 0
     24  10.69      0 1019.5     47 0 0
     24  28.74      0 7513.8     47 0 0
     24  46.44      0 6696.3     47 0 0
     24  81.76      0 1194.2     47 0 0
     25      0 100000          79.2 1 1
     25   0.51      0   2677   79.2 0 0
     25   2.05      0 3906.9   79.2 0 0
     25   5.44      0   7471   79.2 0 0
     25   8.99      0 905.12   79.2 0 0
     25  22.51      0 2624.2   79.2 0 0
     25  50.82      0 991.73   79.2 0 0
     25  95.43      0 743.61   79.2 0 0
     26      0 100000          69.2 1 1
     26    0.5      0 2228.6   69.2 0 0
     26   2.12      0 2612.6   69.2 0 0
     26   5.33      0 5462.2   69.2 0 0
     26  13.39      0 2384.1   69.2 0 0
     26  23.99      0 2232.7   69.2 0 0
     26  51.52      0 1134.2   69.2 0 0
     26 106.46      0  214.5   69.2 0 0
     27      0 100000          67.9 1 1
     27   0.51      0 2019.6   67.9 0 0
     27   1.83      0   7138   67.9 0 0
     27   6.74      0  10657   67.9 0 0
     27   9.82      0  13830   67.9 0 0
     27  22.73      0 3533.8   67.9 0 0
     27  46.79      0 1546.3   67.9 0 0
     27  94.42      0 224.06   67.9 0 0
     28      0 100000          52.2 1 1
     28   0.55      0 7014.3   52.2 0 0
     28   2.03      0 3089.1   52.2 0 0
     28   6.25      0 4972.8   52.2 0 0
     28  11.92      0 6296.6   52.2 0 0
     28  23.41      0 2445.8   52.2 0 0
     28  51.46      0   4322   52.2 0 0
     28 107.66      0 5102.6   52.2 0 0
     29      0 100000          63.6 1 1
     29   0.39      0 931.29   63.6 0 0
     29   2.12      0 2500.8   63.6 0 0
     29   6.23      0 1627.1   63.6 0 0
     29   11.5      0 4600.6   63.6 0 0
     29  26.39      0 2109.4   63.6 0 0
     29  46.17      0 2571.9   63.6 0 0
     29  93.31      0 339.65   63.6 0 0
     30      0 100000          76.1 1 1
     30   0.54      0 1918.1   76.1 0 0
     30   2.38      0 5993.9   76.1 0 0
     30   6.16      0 5964.1   76.1 0 0
     30   11.5      0 2447.2   76.1 0 0
     30  21.31      0 4188.1   76.1 0 0
     30  46.44      0 1185.6   76.1 0 0
     30  87.39      0 100.65   76.1 0 0
     31      0 100000          91.9 1 1
     31   0.49      0 1451.2   91.9 0 0
     31   2.08      0 2500.2   91.9 0 0
     31   5.51      0  10262   91.9 0 0
     31  15.64      0 8344.1   91.9 0 0
     31  24.38      0 9349.5   91.9 0 0
     31  53.74      0  12143   91.9 0 0
     31  76.36      0 8020.4   91.9 0 0
     32      0 100000          68.6 1 1
     32   0.54      0 1417.7   68.6 0 0
     32   1.75      0   1326   68.6 0 0
     32   6.58      0 4624.8   68.6 0 0
     32  12.49      0 3575.1   68.6 0 0
     32  23.04      0 2063.9   68.6 0 0
     32   54.8      0 1815.3   68.6 0 0
     32   89.5      0 1438.2   68.6 0 0
     33      0 100000          75.6 1 1
     33   0.47      0 747.96   75.6 0 0
     33   1.81      0 5395.1   75.6 0 0
     33   5.61      0 1483.2   75.6 0 0
     33  13.19      0 803.74   75.6 0 0
     33  25.06      0 3250.5   75.6 0 0
     33  53.08      0 1449.5   75.6 0 0
     33  92.33      0 517.15   75.6 0 0
     34      0 100000          69.3 1 1
     34   0.52      0 2359.2   69.3 0 0
     34   2.05      0 8839.4   69.3 0 0
     34    5.2      0 5623.3   69.3 0 0
     34  14.34      0 4995.3   69.3 0 0
     34  24.32      0 5444.3   69.3 0 0
     34  51.82      0 2510.1   69.3 0 0
     34 105.62      0    767   69.3 0 0
     35      0 100000          53.1 1 1
     35    0.5      0 1070.6   53.1 0 0
     35   1.94      0 5479.9   53.1 0 0
     35   6.56      0 2155.8   53.1 0 0
     35  10.81      0 2643.5   53.1 0 0
     35  29.23      0 3871.6   53.1 0 0
     35  46.19      0 2019.2   53.1 0 0
     35 113.27      0 1200.4   53.1 0 0
     36      0 100000          64.4 1 1
     36   0.58      0 852.12   64.4 0 0
     36   2.02      0 2034.7   64.4 0 0
     36   6.35      0 4251.2   64.4 0 0
     36  10.83      0 1853.2   64.4 0 0
     36  24.79      0 1540.9   64.4 0 0
     36  53.28      0 1392.6   64.4 0 0
     36  96.96      0 302.56   64.4 0 0
     37      0 100000          64.7 1 1
     37   0.48      0 3398.9   64.7 0 0
     37   1.87      0 4905.3   64.7 0 0
     37   5.98      0   2949   64.7 0 0
     37  13.35      0 3628.9   64.7 0 0
     37  22.87      0 5049.6   64.7 0 0
     37  47.42      0 5433.9   64.7 0 0
     37  84.35      0 2944.2   64.7 0 0
     38      0 100000          69.2 1 1
     38   0.53      0 2198.9   69.2 0 0
     38   2.28      0 3216.3   69.2 0 0
     38   6.97      0 2855.4   69.2 0 0
     38  13.02      0 2111.3   69.2 0 0
     38  19.91      0 1786.7   69.2 0 0
     38  50.37      0 1044.2   69.2 0 0
     38 100.48      0 267.69   69.2 0 0
     39      0 100000          87.2 1 1
     39   0.48      0 3580.7   87.2 0 0
     39   2.03      0 3488.5   87.2 0 0
     39    5.5      0 4337.4   87.2 0 0
     39  12.84      0 4200.6   87.2 0 0
     39  23.23      0 3570.3   87.2 0 0
     39  41.03      0 2535.1   87.2 0 0
     39  92.54      0 181.11   87.2 0 0
     40      0 100000          81.5 1 1
     40   0.57      0 4905.6   81.5 0 0
     40   1.93      0 6490.8   81.5 0 0
     40   6.46      0   6269   81.5 0 0
     40  13.19      0 5224.5   81.5 0 0
     40  24.01      0 3250.1   81.5 0 0
     40  46.34      0 6123.4   81.5 0 0
     40  91.05      0  104.7   81.5 0 0
     41      0 100000          67.7 1 1
     41   0.54      0   2119   67.7 0 0
     41    1.8      0 4566.3   67.7 0 0
     41   6.15      0  20208   67.7 0 0
     41  11.66      0 5385.8   67.7 0 0
     41  19.14      0 5172.1   67.7 0 0
     41  41.69      0 6355.9   67.7 0 0
     41 105.21      0 280.53   67.7 0 0
     42      0 100000          66.5 1 1
     42   0.49      0 886.73   66.5 0 0
     42   2.17      0 4165.3   66.5 0 0
     42   7.25      0 2501.2   66.5 0 0
     42  13.91      0 3202.9   66.5 0 0
     42  25.68      0 2593.9   66.5 0 0
     42  49.86      0   1976   66.5 0 0
     42  94.17      0 239.22   66.5 0 0
     43      0 100000          80.5 1 1
     43   0.59      0 1954.6   80.5 0 0
     43   2.12      0 5150.5   80.5 0 0
     43   5.34      0 6411.1   80.5 0 0
     43  11.81      0 2672.1   80.5 0 0
     43  19.81      0 2702.6   80.5 0 0
     43  47.07      0 3489.1   80.5 0 0
     43  74.08      0 881.41   80.5 0 0
     44      0 100000          78.2 1 1
     44   0.57      0   1022   78.2 0 0
     44   1.88      0 3424.5   78.2 0 0
     44   5.75      0 6713.1   78.2 0 0
     44   11.8      0 1868.4   78.2 0 0
     44  25.52      0 1307.7   78.2 0 0
     44  51.37      0 2008.6   78.2 0 0
     44 101.61      0 5842.3   78.2 0 0
     45      0 100000            61 1 1
     45   0.47      0 1144.7     61 0 0
     45   1.75      0 1786.1     61 0 0
     45   5.77      0 2042.8     61 0 0
     45  12.34      0 5465.3     61 0 0
     45   22.1      0 2786.6     61 0 0
     45  47.67      0 3047.8     61 0 0
     45  85.42      0 1833.2     61 0 0
     46      0 100000          60.8 1 1
     46    0.5      0 1516.6   60.8 0 0
     46   2.03      0 5151.3   60.8 0 0
     46   5.91      0 5484.9   60.8 0 0
     46   11.8      0 1671.1   60.8 0 0
     46  28.63      0 2676.4   60.8 0 0
     46   51.8      0 1513.2   60.8 0 0
     46 107.29      0 1673.7   60.8 0 0
     47      0 100000          75.3 1 1
     47   0.46      0 2188.8   75.3 0 0
     47   2.03      0 5657.5   75.3 0 0
     47   6.73      0 7758.7   75.3 0 0
     47  11.93      0 2869.5   75.3 0 0
     47   19.4      0 7556.6   75.3 0 0
     47  49.68      0  13157   75.3 0 0
     47  79.35      0 3475.3   75.3 0 0
     48      0 100000          81.6 1 1
     48   0.46      0 2861.8   81.6 0 0
     48   2.28      0 3420.8   81.6 0 0
     48   6.38      0 3218.7   81.6 0 0
     48  13.38      0 2913.4   81.6 0 0
     48  24.75      0   3481   81.6 0 0
     48  47.47      0 766.89   81.6 0 0
     48  87.52      0 1350.5   81.6 0 0
     49      0 100000          68.4 1 1
     49   0.59      0 927.49   68.4 0 0
     49   2.01      0 1950.5   68.4 0 0
     49   5.59      0 2922.4   68.4 0 0
     49  13.08      0 8961.4   68.4 0 0
     49  26.72      0 1704.3   68.4 0 0
     49  58.02      0 681.56   68.4 0 0
     49  90.38      0 879.18   68.4 0 0
     50      0 100000          83.5 1 1
     50   0.48      0 1087.3   83.5 0 0
     50   1.92      0 2450.7   83.5 0 0
     50   5.78      0 1360.6   83.5 0 0
     50  11.57      0 3717.4   83.5 0 0
     50   23.3      0 3513.8   83.5 0 0
     50  55.44      0 1533.3   83.5 0 0
     50  89.53      0 1273.3   83.5 0 0
     51      0 100000          75.8 1 1
     51   0.48      0 1543.1   75.8 0 0
     51   2.13      0 4640.6   75.8 0 0
     51   6.71      0 1960.1   75.8 0 0
     51  11.11      0 1261.9   75.8 0 0
     51  22.81      0 2111.9   75.8 0 0
     51  50.58      0 1257.5   75.8 0 0
     51 106.28      0 1751.3   75.8 0 0
     52      0 100000          61.9 1 1
     52   0.49      0 1150.4   61.9 0 0
     52   1.73      0 2649.9   61.9 0 0
     52   7.12      0  13281   61.9 0 0
     52  13.85      0 5695.5   61.9 0 0
     52  22.35      0 3751.5   61.9 0 0
     52  47.69      0 1215.5   61.9 0 0
     52  80.51      0 1015.2   61.9 0 0
     53      0 100000          74.9 1 1
     53   0.53      0 2929.7   74.9 0 0
     53   2.35      0 6543.2   74.9 0 0
     53   5.09      0   6680   74.9 0 0
     53   11.1      0 4396.2   74.9 0 0
     53  22.51      0   6077   74.9 0 0
     53  44.84      0 6008.9   74.9 0 0
     53  78.34      0 1921.4   74.9 0 0
     54      0 100000          55.8 1 1
     54   0.53      0 1972.1   55.8 0 0
     54   1.72      0 4798.3   55.8 0 0
     54   5.99      0 4116.7   55.8 0 0
     54  12.73      0 1705.9   55.8 0 0
     54  23.53      0 3068.4   55.8 0 0
     54  52.48      0 1563.8   55.8 0 0
     54  95.75      0  260.7   55.8 0 0
     55      0 100000          93.2 1 1
     55   0.47      0  837.1   93.2 0 0
     55   2.13      0 3706.3   93.2 0 0
     55   5.75      0 2812.5   93.2 0 0
     55  14.33      0 1502.3   93.2 0 0
     55  23.96      0 1509.8   93.2 0 0
     55  52.27      0 2274.6   93.2 0 0
     55  97.99      0 1462.2   93.2 0 0
     56      0 100000           104 1 1
     56   0.37      0 2265.7    104 0 0
     56   1.74      0 2224.1    104 0 0
     56   5.75      0 2625.3    104 0 0
     56  12.29      0 3068.2    104 0 0
     56  18.99      0 4769.9    104 0 0
     56  52.85      0 3572.8    104 0 0
     56  90.37      0 180.26    104 0 0
     57      0 100000            65 1 1
     57   0.46      0 4748.9     65 0 0
     57   1.71      0 5641.8     65 0 0
     57   5.19      0 2230.9     65 0 0
     57  12.07      0 8792.5     65 0 0
     57  25.25      0 3525.3     65 0 0
     57  38.92      0   7472     65 0 0
     57  86.83      0 2400.9     65 0 0
     58      0 100000          56.8 1 1
     58   0.53      0 2619.6   56.8 0 0
     58   1.91      0  10396   56.8 0 0
     58   7.45      0 3359.5   56.8 0 0
     58  13.59      0   4669   56.8 0 0
     58  25.47      0 6451.1   56.8 0 0
     58  48.02      0 5347.7   56.8 0 0
     58  98.72      0 1008.3   56.8 0 0
     59      0 100000          78.4 1 1
     59   0.47      0 837.42   78.4 0 0
     59   2.13      0 738.66   78.4 0 0
     59   6.96      0 5957.7   78.4 0 0
     59  13.37      0 5215.3   78.4 0 0
     59  22.13      0 1677.8   78.4 0 0
     59  40.83      0 789.67   78.4 0 0
     59  94.95      0 783.69   78.4 0 0
     60      0 100000          68.1 1 1
     60   0.52      0 1323.2   68.1 0 0
     60   2.29      0   2117   68.1 0 0
     60   5.26      0 3676.3   68.1 0 0
     60  12.45      0  10271   68.1 0 0
     60  24.57      0 2085.9   68.1 0 0
     60  54.09      0   2140   68.1 0 0
     60  95.73      0 1507.2   68.1 0 0
